Initial
1961-1-1

Spa	171.985
Dgw	17.0382
Alf	0.00269484
Dgm	150.758
Soc	0.231087
Wic	0.672371
Mec	0.455453
Grd	0.976572

OK	nan

P	R	RM	BF	B	I	DR	PET	ET	SW	SS	GS	INF	PERC	RC	T	H	WEI
30.9859	29.3901	69.6626	48.8286	NA	20.834	0	0	0	171.985	0	11.3232	30.9859	30.9859	10.1519	-5.00171	NA	1
38.9495	28.1354	32.6419	11.058	NA	21.5839	0	6.84832	6.84832	171.985	0	10.7826	32.1012	32.1012	10.5173	-0.849192	NA	1
81.3564	67.6887	37.5789	10.5299	NA	27.049	0	21.9671	21.9671	171.985	0	32.5929	59.3893	59.3893	32.3403	2.69368	NA	1
52.1722	81.4883	39.1645	31.8293	NA	0	7.33521	51.2898	51.1703	165.652	0	0.763572	44.837	0	0	8.27103	NA	1
92.9709	42.2031	23.4691	0.745684	NA	0.288121	22.4353	62.9555	62.9555	171.985	0	0.976573	70.5355	1.24681	0.958684	7.92849	NA	1
137.686	43.63	52.0409	0.953694	NA	0	51.0872	99.5415	99.0665	159.517	0	0.0228787	86.5986	0	0	14.5801	NA	1
60.7788	22.3292	9.25559	0.0223427	NA	0	9.23325	90.0224	83.5228	127.54	0	0.000535993	51.5455	0	0	12.837	NA	1
63.8474	21.1557	8.14712	0.000523436	NA	0	8.14659	79.523	72.1979	111.043	0	1.2557e-005	55.7008	0	0	13.5082	NA	1
34.9534	17.0446	2.12577	1.22629e-005	NA	0	2.12576	57.1534	47.4735	96.3974	0	2.94181e-007	32.8277	0	0	13.3516	NA	1
73.7702	24.0514	8.21995	2.87289e-007	NA	0	8.21995	28.0654	28.0654	133.882	0	6.89195e-009	65.5502	0	0	8.30558	NA	1
56.9193	29.3064	7.87728	6.73048e-009	NA	1.08079	6.79649	7.34277	7.34277	171.985	0	3.59619	50.1228	4.67699	3.59619	0.849822	NA	1
48.4076	44.2106	33.2142	3.51194	NA	29.7023	0	0	0	171.985	4.23213	14.5574	44.1755	44.1755	14.4732	-5.40727	NA	1
75.826	31.3214	66.5891	14.2164	NA	52.3727	0	2.16554	2.16554	171.985	0	25.8609	77.8926	77.8926	25.5199	-3.13513	NA	1
94.2397	30.9154	66.6152	25.2551	NA	41.3601	0	1.007	1.007	171.985	31.7188	20.7596	61.5139	61.5139	20.1537	-4.38965	NA	1
60.4753	46.6758	73.977	20.2732	NA	53.7038	0	4.81914	4.81914	171.985	7.50272	26.6548	79.8723	79.8723	26.1685	-3.31216	NA	1
34.3162	201.986	26.0304	26.0304	NA	0	0	45.9673	41.8189	171.985	0	0.624458	0	0	0	6.89385	NA	1
141.718	147.123	60.9185	0.609829	NA	6.18551	54.1232	60.8278	60.8278	171.985	0	20.5961	87.5948	26.7669	20.5814	7.49156	NA	1
47.776	50.9074	26.2647	20.1136	NA	0	6.15111	85.2615	80.1657	133.445	0	0.482516	41.6249	0	0	11.7711	NA	1
49.445	28.0837	5.58318	0.471212	NA	0	5.11196	92.1604	76.7296	101.048	0	0.0113042	44.333	0	0	13.2606	NA	1
45.4395	17.1085	3.2802	0.0110394	NA	0	3.26917	83.8181	63.9026	79.3158	0	0.00026483	42.1703	0	0	14.5079	NA	1
59.4683	18.811	4.3954	0.000258625	NA	0	4.39514	46.0826	46.0826	88.3064	0	6.20432e-006	55.0731	0	0	9.79683	NA	1
33.3224	15.0616	1.53642	6.05897e-006	NA	0	1.53641	24.1463	24.1463	95.9461	0	1.45352e-007	31.786	0	0	6.44757	NA	1
68.3821	23.3428	7.02998	1.41947e-007	NA	0	7.02998	7.5348	7.5348	149.763	0	3.40525e-009	61.3521	0	0	1.00281	NA	1
65.634	14.4662	3.32547e-009	3.32547e-009	NA	0	0	0	0	164.668	50.7295	7.97768e-011	14.9044	0	0	-7.12523	NA	1
62.6488	13.0541	7.79078e-011	7.79078e-011	NA	0	0	0	0	164.668	113.378	1.86898e-012	0	0	0	-10.4841	NA	1
31.0769	9.15211	1.82519e-012	1.82519e-012	NA	0	0	0	0	171.005	138.118	4.37856e-014	6.33699	0	0	-7.62807	NA	1
38.7143	22.7179	71.9023	4.27598e-014	NA	71.9023	0	9.51913	9.51913	171.985	59.3945	35.0361	107.919	106.938	35.0361	-1.66606	NA	1
22.5386	79.1658	51.7515	34.2153	NA	17.5362	0	43.4303	43.4303	171.985	0	21.7874	38.5028	38.5028	20.9666	6.23741	NA	1
161.427	76.5629	95.6698	21.277	NA	4.16886	70.224	73.1628	73.1628	171.985	0	14.3817	91.2029	18.0402	13.8713	10.0247	NA	1
124.457	43.2954	55.787	14.0448	NA	0	41.7422	96.5304	95.9901	158.71	0	0.33693	82.7152	0	0	13.9878	NA	1
45.1607	23.237	5.40092	0.329036	NA	0	5.07188	106.26	90.7778	108.021	0	0.00789345	40.0888	0	0	16.0544	NA	1
128.977	14.1538	28.164	0.00770852	NA	0	28.1563	83.577	83.577	125.265	0	0.000184924	100.821	0	0	14.4518	NA	1
107.815	20.9441	22.8158	0.000180592	NA	0	22.8156	53.1267	53.1267	157.138	0	4.33233e-006	84.9996	0	0	12.0587	NA	1
47.9714	29.4393	6.77011	4.23083e-006	NA	1.10396	5.66614	22.6806	22.6806	171.985	0	3.67328	42.3052	4.77724	3.67328	5.75269	NA	1
120.788	46.2526	58.7627	3.58722	NA	15.8587	39.3168	12.8443	12.8443	171.985	0	52.8538	81.4708	68.6265	52.7678	5.23275	NA	1
14.886	29.1564	61.4044	51.6156	NA	9.78875	0	0	0	171.985	0.327471	6.00805	14.5586	14.5586	4.76981	-7.14553	NA	1
18.8062	15.4503	14.2097	5.86729	NA	8.34242	0	0	0	171.985	6.72621	4.2058	12.4075	12.4075	4.06505	-7.27178	NA	1
60.189	18.8086	45.8178	4.10727	NA	41.7105	0	1.10253	1.10253	171.985	3.7777	20.423	62.0349	62.0349	20.3245	-4.35907	NA	1
38.866	29.3261	45.522	19.9445	NA	25.5775	0	4.60304	4.60304	171.985	0	12.9417	38.0407	38.0407	12.4632	-3.40465	NA	1
45.5002	50.8828	14.1046	12.6385	NA	1.46613	0	42.2811	42.2811	171.985	0	2.05612	3.21906	3.21906	1.75293	5.8731	NA	1
56.8169	34.4484	10.7073	2.00795	NA	0	8.69938	76.5249	74.3029	145.8	0	0.04817	48.1175	0	0	10.6717	NA	1
157.873	26.423	56.9866	0.0470415	NA	0	56.9395	103.886	103.415	143.318	0	0.00112851	100.933	0	0	15.4282	NA	1
63.3657	26.7872	9.01788	0.00110207	NA	0	9.01678	102.666	89.4509	108.216	0	2.64382e-005	54.3489	0	0	15.3718	NA	1
152.139	34.7239	39.248	2.58188e-005	NA	0	39.248	76.8632	76.8632	144.244	0	6.19383e-007	112.891	0	0	12.9378	NA	1
50.6853	20.5947	5.80638	6.04872e-007	NA	0	5.80638	48.6799	48.0319	141.091	0	1.45106e-008	44.879	0	0	10.6844	NA	1
104.546	52.7428	30.7642	1.41707e-008	NA	6.60103	24.1632	20.9234	20.9234	171.985	0	21.964	80.3824	28.5651	21.964	4.9523	NA	1
118.633	78.5753	76.1261	21.4495	NA	16.7499	37.9267	8.22351	8.22351	171.985	0	56.2476	80.7064	72.4829	55.733	1.56408	NA	1
47.7343	64.4732	85.9386	54.9298	NA	31.0088	0	1.61566	1.61566	171.985	0	16.4276	46.1186	46.1186	15.1098	-3.3318	NA	1
85.2784	27.5892	71.6332	16.0427	NA	55.5905	0	2.60007	2.60007	171.985	0	27.4727	82.6784	82.6784	27.0878	-2.76094	NA	1
83.9698	19.1112	36.6309	26.8291	NA	9.80186	0	0	0	171.985	69.3918	5.41981	14.5781	14.5781	4.7762	-7.14439	NA	1
39.6379	71.3865	71.442	5.29284	NA	66.1492	0	10.6477	10.6477	171.985	0	32.3598	98.382	98.382	32.2328	-1.27078	NA	1
92.4531	144.736	57.8677	31.6017	NA	26.266	0	34.7829	34.7829	171.985	0	32.1622	57.6702	57.6702	31.4041	3.99994	NA	1
161.856	145.917	108.645	31.4088	NA	6.63922	70.5974	62.5278	62.5278	171.985	0	22.8446	91.2581	28.7303	22.0911	7.84067	NA	1
146.412	129.945	80.0772	22.3094	NA	0	57.7679	90.8683	90.854	169.775	0	0.535193	88.644	0	0	12.874	NA	1
107.963	49.2886	31.5302	0.522655	NA	0	31.0076	93.3854	92.4237	154.307	0	0.0125383	76.9556	0	0	13.5034	NA	1
63.7203	27.7885	9.82938	0.0122445	NA	0	9.81713	76.8109	73.1463	135.064	0	0.000293742	53.9032	0	0	12.877	NA	1
83.4331	22.7966	14.7322	0.00028686	NA	0	14.7319	51.9388	51.9388	151.827	0	6.88166e-006	68.7012	0	0	11.6772	NA	1
10.5922	23.146	0.266917	6.72044e-006	NA	0	0.26691	23.6558	21.6488	140.503	0	1.61221e-007	10.3253	0	0	6.21503	NA	1
58.0383	19.992	15.4872	1.57444e-007	NA	15.4872	0	3.52231	3.52231	171.985	0	7.54652	54.516	23.0337	7.54652	-2.19386	NA	1
125.571	35.1225	76.8889	7.36973	NA	69.5192	0	2.9724	2.9724	171.985	19.2042	34.0517	103.394	103.394	33.8749	-1.93163	NA	1
63.7222	38.5422	39.5906	33.254	NA	6.33667	0	0	0	171.985	73.5021	3.88544	9.42436	9.42436	3.0877	-7.44687	NA	1
83.7479	105.19	70.1926	3.79442	NA	66.3982	0	11.4649	11.4649	171.985	0	79.4779	145.785	145.785	79.3869	1.94896	NA	1
101.665	73.1382	136.775	77.6159	NA	59.1588	0	13.6794	13.6794	171.985	0	30.6885	87.9853	87.9853	28.8265	-0.208993	NA	1
47.7116	91.3883	31.4819	29.9696	NA	1.51238	0	44.3909	44.3909	171.985	0	2.52718	3.3206	3.3206	1.80823	6.48597	NA	1
62.9712	52.1572	13.154	2.46798	NA	0	10.6861	73.5969	72.3294	151.941	0	0.0592058	52.2851	0	0	10.1138	NA	1
159.57	38.493	60.6785	0.0578187	NA	0	60.6207	98.1858	98.1858	152.705	0	0.00138705	98.9495	0	0	14.3134	NA	1
187.797	98.0752	84.3873	0.00135455	NA	0	84.3859	95.2254	95.2254	160.89	0	3.24952e-005	103.411	0	0	13.8679	NA	1
157.499	78.4056	63.643	3.17339e-005	NA	1.10735	62.5357	79.0763	79.0763	171.985	0	3.68454	94.9635	4.79189	3.68454	13.4043	NA	1
49.5417	55.0111	10.2124	3.59822	NA	0	6.61418	47.782	47.7142	167.199	0	0.0863199	42.9275	0	0	10.3425	NA	1
56.5703	33.1001	11.2705	0.0842977	NA	2.80213	8.38403	31.2739	31.2739	171.985	0	9.32573	48.1863	12.1258	9.3237	9.82671	NA	1
72.71	36.3821	53.8656	9.10725	NA	44.7584	0	6.14202	6.14202	171.985	0	22.0281	66.568	66.568	21.8096	-0.106787	NA	1
171.418	45.1554	83.9983	21.512	NA	62.4863	0	2.3777	2.3777	171.985	76.106	30.964	92.9343	92.9343	30.448	-2.54553	NA	1
89.5552	35.7966	64.7393	30.2386	NA	34.5007	0	0.0134534	0.0134534	171.985	114.336	17.5367	51.312	51.312	16.8113	-4.98841	NA	1
88.3319	69.7012	87.7213	17.1259	NA	70.5955	0	5.21744	5.21744	171.985	92.4553	34.8102	104.995	104.995	34.3994	-1.83768	NA	1
98.3172	151.674	112.418	33.9947	NA	78.4232	0	18.5852	18.5852	171.985	0	94.5797	172.187	172.187	93.7642	1.50919	NA	1
65.3874	161.048	108.399	92.3639	NA	4.51298	11.5218	34.3363	34.3363	171.985	0	17.2321	53.8656	19.5293	15.0163	3.88436	NA	1
146.224	147.59	77.5163	16.8284	NA	3.06812	57.6198	75.3275	75.3275	171.985	0	10.6124	88.6044	13.2769	10.2087	10.4692	NA	1
75.6193	58.8614	25.7737	10.3638	NA	0	15.4099	90.196	87.7274	144.467	0	0.248624	60.2094	0	0	12.7418	NA	1
119.375	42.4023	32.5007	0.242799	NA	0	32.2579	106.498	102.513	129.071	0	0.00582466	87.1168	0	0	16.1015	NA	1
117.086	30.8097	27.7311	0.0056882	NA	0	27.7254	81.9442	81.9442	136.487	0	0.000136458	89.3602	0	0	14.0718	NA	1
128.222	56.3273	35.938	0.000133261	NA	0.777026	35.1608	54.2005	54.2005	171.985	0	2.58545	93.0612	3.36248	2.58545	12.4034	NA	1
69.0591	34.3918	21.6243	2.52488	NA	6.24726	12.8522	29.1728	29.1728	171.985	0	20.8475	56.207	27.0342	20.7869	8.83061	NA	1
63.6805	37.0046	41.636	20.3591	NA	10.3487	10.9282	7.96972	7.96972	171.985	0	34.9223	52.7524	44.7826	34.4339	1.34931	NA	1
125.231	43.6448	81.295	34.1042	NA	47.1908	0	1.08431	1.08431	171.985	53.9612	23.813	70.1857	70.1857	22.9949	-3.88068	NA	1
121.668	50.5827	48.9631	23.2551	NA	25.708	0	0	0	171.985	137.394	13.0847	38.2348	38.2348	12.5268	-5.75593	NA	1
50.949	38.1707	76.7216	12.7782	NA	63.9434	0	4.44096	4.44096	171.985	88.8006	31.4645	95.1014	95.1014	31.158	-2.41834	NA	1
64.3955	79.7489	93.0676	30.7274	NA	62.3402	0	16.3208	16.3208	171.985	0	75.2722	136.875	136.875	74.5351	0.656524	NA	1
29.3738	101.662	75.8339	73.5088	NA	0	2.32516	43.9157	43.115	155.919	0	1.76345	27.0486	0	0	6.29344	NA	1
175.433	89.6809	81.0718	1.72213	NA	4.15912	75.1906	66.178	66.178	171.985	0	13.8802	100.242	17.998	13.8389	8.55274	NA	1
103.679	79.7833	42.5227	13.555	NA	0	28.9677	97.9818	96.4761	150.22	0	0.32518	74.7111	0	0	14.2671	NA	1
112.739	42.5204	30.2344	0.317562	NA	0	29.9169	94.4055	92.6063	140.436	0	0.00761818	82.8217	0	0	13.7327	NA	1
130.088	45.8073	37.2463	0.0074397	NA	0	37.2388	81.5519	81.5519	151.733	0	0.000178475	92.8494	0	0	14.032	NA	1
65.9412	34.5591	10.3382	0.000174294	NA	0	10.338	50.0118	50.0118	157.325	0	4.18125e-006	55.6032	0	0	11.1136	NA	1
60.5778	38.7243	11.9939	4.08329e-006	NA	2.94772	9.04618	24.1151	24.1151	171.985	0	9.80815	51.5316	12.7559	9.80815	6.47043	NA	1
69.4309	44.3336	33.5159	9.57837	NA	10.9467	12.9909	9.0698	9.0698	171.985	0	36.6533	56.44	47.3702	36.4235	2.23959	NA	1
33.6884	32.8935	58.4457	35.7946	NA	22.6511	0	0	0	171.985	0	11.896	33.6884	33.6884	11.0373	-5.33369	NA	1
43.7459	28.1108	41.0308	11.6173	NA	29.4134	0	0	0	171.985	0	14.6111	43.7459	43.7459	14.3324	-5.25054	NA	1
43.5771	19.4359	42.9215	14.2688	NA	28.6527	0	0.962609	0.962609	171.985	0	14.304	42.6145	42.6145	13.9617	-4.41656	NA	1
58.7362	36.0918	49.888	13.9689	NA	35.919	0	5.31475	5.31475	171.985	0	17.8375	53.4215	53.4215	17.5024	-3.13858	NA	1
58.5162	102.767	27.477	17.4196	NA	10.0573	0	36.4341	36.4341	171.985	0	12.4426	22.0821	22.0821	12.0247	4.42718	NA	1
89.3333	61.1125	33.6571	12.1511	NA	0	21.506	82.9597	82.3131	157.499	0	0.291501	67.8273	0	0	12.0366	NA	1
75.8659	29.208	14.4888	0.284671	NA	0	14.2041	88.5342	84.4446	134.717	0	0.00682915	61.6618	0	0	12.4149	NA	1
73.1784	22.7155	11.3106	0.00666916	NA	0	11.3039	104.837	91.6531	104.938	0	0.000159991	61.8745	0	0	15.7724	NA	1
60.3634	14.1907	5.99149	0.000156242	NA	0	5.99133	79.1597	68.4571	90.8531	0	3.74819e-006	54.3721	0	0	13.4237	NA	1
36.0819	13.5633	1.85337	3.66038e-006	NA	0	1.85336	50.4083	42.3859	82.6957	0	8.78111e-008	34.2285	0	0	11.1858	NA	1
45.7998	13.2164	2.71802	8.57539e-008	NA	0	2.71802	27.3251	27.3251	98.4524	0	2.0572e-009	43.0818	0	0	7.95463	NA	1
73.9447	19.5245	8.43494	2.00901e-009	NA	0	8.43494	9.40131	9.40131	154.561	0	4.81952e-011	65.5097	0	0	2.48982	NA	1
22.4419	15.4749	4.70661e-011	4.70661e-011	NA	0	0	0	0	158.002	19.0008	1.1291e-012	3.4411	0	0	-7.79804	NA	1
41.8171	13.6716	17.9422	1.10265e-012	NA	17.9422	0	0	0	171.985	20.1496	8.74275	40.6683	26.6849	8.74275	-5.61311	NA	1
113.509	10.7365	35.8588	8.53793	NA	27.3209	0	0	0	171.985	93.0245	13.5176	40.6337	40.6337	13.3128	-5.61514	NA	1
74.4871	21.8002	86.8883	13.2009	NA	73.6874	0	9.79973	9.79973	171.985	48.1184	36.2227	109.593	109.593	35.906	-1.56778	NA	1
82.0126	174.05	80.0951	35.3741	NA	44.721	0	31.9407	31.9407	171.985	0	54.3178	98.1903	98.1903	53.4692	3.26454	NA	1
53.2362	93.2925	60.6828	53.0453	NA	0	7.63744	65.0189	63.9626	153.621	0	1.27254	45.5988	0	0	8.35224	NA	1
85.3297	40.7515	18.7692	1.24272	NA	0	17.5265	96.7688	91.6146	129.81	0	0.0298124	67.8032	0	0	14.0346	NA	1
162.407	54.6421	53.6782	0.029114	NA	0	53.6491	98.2718	98.2718	140.297	0	0.000698433	108.758	0	0	14.4715	NA	1
134.314	51.5323	39.6587	0.000682071	NA	0	39.658	83.3063	83.3063	151.646	0	1.63626e-005	94.6558	0	0	14.3888	NA	1
33.2845	34.7091	2.63245	1.59793e-005	NA	0	2.63243	46.0577	43.6452	138.653	0	3.83336e-007	30.6521	0	0	9.78885	NA	1
110.241	41.1968	32.8423	3.74356e-007	NA	6.43905	26.4032	22.6413	22.6413	171.985	0	21.4251	83.8376	27.8641	21.4251	5.73405	NA	1
101.118	67.7921	63.2755	20.9231	NA	14.7978	27.5546	9.52842	9.52842	171.985	0	49.7396	73.5638	64.0354	49.2376	2.59109	NA	1
75.1224	49.5247	98.1232	48.5743	NA	49.5489	0	1.42961	1.42961	171.985	0	25.3092	73.6928	73.6928	24.1439	-3.52423	NA	1
52.6616	25.6456	59.193	24.7163	NA	34.4767	0	1.38523	1.38523	171.985	0	17.3925	51.2763	51.2763	16.7996	-3.8071	NA	1
86.2153	40.7564	71.7004	16.9851	NA	54.7153	0	4.8387	4.8387	171.985	0	27.0688	81.3766	81.3766	26.6614	-2.06723	NA	1
41.4548	60.0669	49.2759	26.4347	NA	22.8412	0	7.48364	7.48364	171.985	0	11.7641	33.9712	33.9712	11.13	-2.37896	NA	1
55.1707	99.1897	17.7745	11.4885	NA	6.28598	0	41.3691	41.3691	171.985	0	7.79123	13.8016	13.8016	7.51563	5.70408	NA	1
117.287	64.5815	44.6793	7.6087	NA	0	37.0706	83.2579	83.2312	168.97	0	0.18253	80.2159	0	0	12.0978	NA	1
201.3	96.3432	108.669	0.178254	NA	1.20589	107.285	85.7813	85.7813	171.985	0	4.01672	94.0149	5.21833	4.01244	11.8734	NA	1
80.3076	89.6514	21.3025	3.92262	NA	0	17.3799	102.348	98.1568	136.756	0	0.094102	62.9277	0	0	15.2793	NA	1
41.7659	24.076	3.82984	0.0918974	NA	0	3.73794	90.5539	74.0192	100.765	0	0.00220458	38.0279	0	0	16.0756	NA	1
61.3534	20.0854	5.94548	0.00215293	NA	0	5.94332	41.7556	41.7556	114.419	0	5.1648e-005	55.4101	0	0	8.40747	NA	1
33.6619	19.3744	2.03156	5.04381e-005	NA	0	2.03151	21.8928	21.8928	124.157	0	1.20999e-006	31.6304	0	0	5.37922	NA	1
96.176	25.7145	28.4525	1.18164e-006	NA	28.4525	0	6.03107	6.03107	171.985	0	13.8642	90.145	42.3167	13.8642	-0.195178	NA	1
90.5452	51.9309	52.4628	13.5394	NA	38.9234	0	5.0842	5.0842	171.985	0	46.8623	85.461	85.461	46.5375	0.248349	NA	1
51.6886	31.5207	74.1147	45.7645	NA	28.3503	0	0	0	171.985	9.52401	14.9122	42.1646	42.1646	13.8144	-5.52529	NA	1
16.409	26.8511	26.4138	14.5629	NA	11.8509	0	8.30742	8.30742	171.985	0	6.124	17.6256	17.6256	5.77465	-0.170659	NA	1
28.9509	39.8166	8.51439	5.98053	NA	2.53385	0	23.3875	23.3875	171.985	0	3.17299	5.56338	5.56338	3.02952	3.10575	NA	1
111.623	75.7977	46.0657	3.09866	NA	9.38989	33.5772	37.4128	37.4128	171.985	0	31.3179	78.0463	40.6335	31.2436	4.62114	NA	1
133.157	72.9118	81.2985	30.5842	NA	2.93268	47.7816	72.6845	72.6845	171.985	0	10.4918	85.3753	12.6908	9.75809	9.88522	NA	1
107.36	42.9559	41.3072	10.246	NA	0	31.0612	93.8295	92.9657	155.318	0	0.245797	76.2988	0	0	13.4506	NA	1
120.213	38.3798	35.4096	0.240039	NA	0	35.1696	107.467	104.029	136.332	0	0.00575844	85.0433	0	0	16.3244	NA	1
98.706	51.7341	20.8183	0.00562353	NA	0	20.8127	78.9065	78.6941	135.532	0	0.000134906	77.8933	0	0	13.4146	NA	1
112.758	38.6062	28.7342	0.000131746	NA	1.7334	27.0007	41.8022	41.8022	171.985	0	5.76766	85.7569	7.50106	5.76766	8.46844	NA	1
33.5766	30.7531	11.3368	5.63254	NA	2.66616	3.03813	19.001	19.001	171.985	0	9.00641	30.5384	11.5374	8.87128	4.03789	NA	1
102.425	28.2141	52.3809	8.79541	NA	15.3141	28.2714	7.88388	7.88388	171.985	0	51.1668	74.1538	66.2699	50.9558	1.29298	NA	1
7.62034	31.3583	53.4293	49.9681	NA	3.46122	0	2.47256	2.47256	171.985	0	2.88528	5.14778	5.14778	1.68656	-2.44704	NA	1
39.8276	19.7558	28.1169	2.81768	NA	25.2992	0	2.20068	2.20068	171.985	0	12.3953	37.6269	37.6269	12.3277	-3.10488	NA	1
114.624	19.3326	78.0474	12.1049	NA	65.9425	0	4.54733	4.54733	171.985	12.0018	32.4225	98.0746	98.0746	32.1321	-2.24384	NA	1
41.6938	50.13	48.607	31.6629	NA	16.944	0	16.493	16.493	171.985	0	21.0182	37.2026	37.2026	20.2586	0.776435	NA	1
82.5095	72.8233	46.8106	20.5258	NA	7.93887	18.346	29.8091	29.8091	171.985	0	26.9079	64.1635	34.3544	26.4155	2.71298	NA	1
82.3824	92.5741	44.5671	26.2775	NA	0	18.2895	72.9916	72.7653	163.313	0	0.630387	64.0929	0	0	9.98951	NA	1
83.691	31.1762	18.539	0.615619	NA	0	17.9234	89.78	87.049	142.032	0	0.0147685	65.7676	0	0	12.6599	NA	1
133.747	31.8233	39.8245	0.0144225	NA	0	39.8101	95.8213	95.4845	140.484	0	0.000345989	93.9366	0	0	13.986	NA	1
46.0047	27.3186	4.65911	0.000337883	NA	0	4.65877	85.5007	73.1553	108.674	0	8.10569e-006	41.3459	0	0	14.8995	NA	1
65.3457	17.1135	7.27115	7.91579e-006	NA	0	7.27114	51.469	51.469	115.28	0	1.89897e-007	58.0745	0	0	11.5264	NA	1
64.2438	19.4753	7.45518	1.85448e-007	NA	0	7.45518	19.8169	19.8169	152.252	0	4.44882e-009	56.7886	0	0	4.39507	NA	1
86.0257	21.9995	41.1876	4.34459e-009	NA	41.1876	0	5.03462	5.03462	171.985	0	20.0697	80.9911	61.2573	20.0697	-0.989028	NA	1
104.885	25.7293	75.7773	19.5995	NA	56.1778	0	1.84425	1.84425	171.985	19.4889	27.8442	83.5519	83.5519	27.374	-3.0962	NA	1
94.2681	57.7986	100.9	27.1919	NA	73.7081	0	4.13285	4.13285	171.985	0	36.5684	109.624	109.624	35.9161	-1.44097	NA	1
43.8578	73.8221	51.4952	35.7117	NA	15.7836	0	9.20305	9.20305	171.985	0	19.7278	34.6547	34.6547	18.8711	0.578024	NA	1
16.0884	65.4425	19.9632	19.2657	NA	0	0.697528	24.8047	24.5517	162.825	0	0.462176	15.3909	0	0	3.6875	NA	1
11.7302	45.3177	0.802399	0.451348	NA	0	0.351051	39.2081	35.7047	138.499	0	0.0108277	11.3791	0	0	5.14494	NA	1
112.289	35.5948	27.3736	0.010574	NA	0	27.363	65.693	65.693	157.732	0	0.000253666	84.9261	0	0	8.49067	NA	1
102.702	38.4241	26.069	0.000247723	NA	0	26.0688	81.2696	80.8285	153.537	0	5.94278e-006	76.6333	0	0	10.9859	NA	1
143.671	50.868	49.6587	5.80355e-006	NA	0	49.6587	88.9074	88.9074	158.642	0	1.39225e-007	94.0127	0	0	12.6161	NA	1
47.0117	32.0029	5.4938	1.35963e-007	NA	0	5.4938	89.0374	79.8164	120.344	0	3.2617e-009	41.5179	0	0	15.7227	NA	1
31.4334	19.5639	1.86316	3.18529e-009	NA	0	1.86316	48.234	41.9462	107.968	0	7.64138e-011	29.5703	0	0	10.4876	NA	1
173.03	34.2737	60.5982	7.46236e-011	NA	9.94831	50.6499	15.3125	15.3125	171.985	0	33.1017	122.38	43.05	33.1017	2.25953	NA	1
82.5759	51.6356	63.7905	32.3262	NA	13.0887	18.3755	7.56055	7.56055	171.985	0	44.3265	64.2003	56.6398	43.551	1.02333	NA	1
181.511	174.734	134.915	43.2881	NA	91.6271	0	4.84186	4.84186	171.985	40.395	45.686	136.275	136.275	44.6475	-0.00181833	NA	1
39.1088	99.4259	77.9926	44.6157	NA	33.377	0	6.22068	6.22068	171.985	0	40.9764	73.2831	73.2831	39.9061	0.356969	NA	1
30.2216	36.5002	58.1224	40.0164	NA	18.1059	0	3.29306	3.29306	171.985	0	9.78254	26.9285	26.9285	8.82256	-3.00406	NA	1
55.8895	55.6704	26.6743	9.55336	NA	17.1209	0	18.2985	18.2985	171.985	0	20.6992	37.591	37.591	20.4701	1.4088	NA	1
45.1247	72.9488	26.5924	20.2143	NA	0.890814	5.48733	35.7824	35.7824	171.985	0	3.449	39.6373	3.85488	2.96406	4.25856	NA	1
68.4674	61.4569	16.001	3.36819	NA	0	12.6329	77.2049	75.9305	151.889	0	0.0808016	55.8346	0	0	10.8547	NA	1
159.485	46.784	60.6141	0.0789086	NA	0	60.5352	88.3697	88.3697	162.469	0	0.00189299	98.9496	0	0	12.3825	NA	1
168.52	86.0348	72.2982	0.00184864	NA	0	72.2963	101.953	101.547	157.146	0	4.43481e-005	96.2237	0	0	15.2009	NA	1
74.0091	47.5762	13.4871	4.33091e-005	NA	0	13.487	86.7053	82.7141	134.954	0	1.03897e-006	60.5221	0	0	15.1799	NA	1
23.9933	25.9827	1.21733	1.01463e-006	NA	0	1.21733	58.5156	48.0982	109.632	0	2.43405e-008	22.7759	0	0	13.789	NA	1
93.2629	30.4997	14.9416	2.37703e-008	NA	0	14.9416	22.3039	22.3039	165.649	0	5.7024e-010	78.3213	0	0	5.5741	NA	1
61.784	28.839	33.6075	5.5688e-010	NA	33.6075	0	5.46449	5.46449	171.985	0	16.3761	56.3195	49.9836	16.3761	-0.646557	NA	1
49.3047	34.0646	47.6068	15.9924	NA	31.6144	0	2.28541	2.28541	171.985	0	15.7885	47.0192	47.0192	15.4049	-2.64081	NA	1
188.512	63.467	63.1077	15.4186	NA	47.6891	0	1.3494	1.3494	171.985	116.235	23.6076	70.9267	70.9267	23.2377	-3.83719	NA	1
13.9548	34.2958	81.3796	23.0545	NA	58.3251	0	3.59733	3.59733	171.985	39.8475	28.9734	86.7454	86.7454	28.4203	-2.90877	NA	1
39.2984	47.345	78.4983	28.2946	NA	50.2037	0	4.47932	4.47932	171.985	0	25.1417	74.6667	74.6667	24.463	-3.44754	NA	1
12.5798	145.524	24.5527	24.5527	NA	0	0	36.3354	12.5798	171.985	0	0.58901	0	0	0	4.34408	NA	1
127.621	86.6154	47.1398	0.575211	NA	2.67341	43.8911	72.1609	72.1609	171.985	0	8.9092	83.7297	11.5688	8.8954	9.77799	NA	1
57.7234	49.8003	17.6797	8.70048	NA	0	8.97921	89.3061	84.8778	135.852	0	0.208721	48.7442	0	0	12.5611	NA	1
72.655	27.8303	11.4405	0.203831	NA	0	11.2367	102.066	90.0141	107.256	0	0.00488983	61.4183	0	0	15.2528	NA	1
69.4062	25.0699	8.10058	0.00477527	NA	0	8.09581	75.5843	69.8527	98.7136	0	0.000114557	61.3104	0	0	12.6393	NA	1
105.589	32.0275	17.2447	0.000111873	NA	0	17.2446	46.1903	46.1903	140.867	0	2.68379e-006	88.344	0	0	9.88229	NA	1
61.1941	25.9777	8.26556	2.62092e-006	NA	0	8.26555	27.4499	27.4499	166.346	0	6.28747e-008	52.9286	0	0	8.05664	NA	1
106.273	47.1359	43.8265	6.14017e-008	NA	14.3889	29.4376	8.93048	8.93048	171.985	0	47.877	76.8357	62.2659	47.877	2.12839	NA	1
83.3212	51.7808	90.5534	46.7554	NA	43.798	0	0.797229	0.797229	171.985	17.3843	22.4633	65.1396	65.1396	21.3416	-4.17685	NA	1
80.2507	39.3812	74.8157	21.937	NA	52.8787	0	1.87633	1.87633	171.985	17.1136	26.2927	78.6451	78.6451	25.7664	-3.38419	NA	1
83.8048	63.3932	89.577	25.6767	NA	63.9003	0	5.88115	5.88115	171.985	0	31.753	95.0373	95.0373	31.137	-1.4354	NA	1
49.6593	130.098	42.6733	31.0091	NA	11.6642	0	24.0491	24.0491	171.985	0	14.6898	25.6102	25.6102	13.946	3.42288	NA	1
47.7874	63.0659	22.7504	14.3457	NA	2.25067	6.15404	31.8939	31.8939	171.985	0	7.83296	41.6334	9.73949	7.48881	3.25241	NA	1
87.3817	80.9224	28.2261	7.64945	NA	0	20.5767	70.1151	70.0835	168.707	0	0.183507	66.8051	0	0	9.39879	NA	1
76.1428	36.3108	15.5053	0.179208	NA	0	15.3261	94.015	90.432	139.092	0	0.00429913	60.8166	0	0	13.493	NA	1
164.08	30.5366	58.6795	0.00419841	NA	0	58.6753	92.1806	92.1806	152.316	0	0.000100718	105.405	0	0	13.2646	NA	1
181.91	129.409	79.9097	9.83587e-005	NA	0.93293	78.9766	79.2264	79.2264	171.985	0	3.1042	102.933	4.03713	3.1042	13.4392	NA	1
90.6097	46.7914	31.4395	3.03148	NA	6.2831	22.125	41.2954	41.2954	171.985	0	20.9789	68.4847	27.1893	20.9062	8.25971	NA	1
24.4769	31.7593	22.102	20.4874	NA	0	1.61453	26.7843	26.7399	168.108	0	0.491485	22.8624	0	0	7.69824	NA	1
131.645	44.1737	63.2186	0.479971	NA	17.0886	45.65	8.16911	8.16911	171.985	0	56.8716	85.9953	73.9487	56.8601	1.50816	NA	1
60.9305	27.0209	95.6335	55.5392	NA	40.0943	0	1.29933	1.29933	171.985	0	20.8693	59.6312	59.6312	19.5369	-3.65871	NA	1
62.5122	46.9735	60.9708	20.3804	NA	40.5905	0	2.14307	2.14307	171.985	0	20.2676	60.3692	60.3692	19.7787	-3.15449	NA	1
14.8045	33.7324	29.4726	19.7928	NA	9.67977	0	0.408011	0.408011	171.985	0	5.19152	14.3965	14.3965	4.7167	-4.7527	NA	1
46.4864	82.4158	17.8501	5.0699	NA	12.7802	0	18.426	18.426	171.985	0	15.4018	28.0603	28.0603	15.2802	1.45347	NA	1
49.0372	90.7437	23.497	15.041	NA	1.9759	6.48016	34.0066	34.0066	171.985	0	6.93537	42.5571	8.55044	6.57454	3.79908	NA	1
79.2303	88.9625	23.6896	6.77289	NA	0	16.9167	66.7701	66.7129	167.586	0	0.162479	62.3136	0	0	8.71186	NA	1
66.971	40.8991	11.9362	0.158672	NA	0	11.7775	85.0643	81.9128	140.867	0	0.00380649	55.1935	0	0	11.7324	NA	1
99.569	36.0475	21.8863	0.00371731	NA	0	21.8826	89.5668	87.0887	131.464	0	8.91768e-005	77.6864	0	0	12.7467	NA	1
91.8424	40.4243	17.3756	8.70876e-005	NA	0	17.3755	75.3341	75.1281	130.803	0	2.0892e-006	74.4669	0	0	12.5333	NA	1
143.749	33.9834	46.0403	2.04025e-006	NA	3.6885	42.3517	44.2539	44.2539	171.985	0	12.273	101.397	15.9615	12.273	9.20965	NA	1
70.5707	42.0259	32.8701	11.9855	NA	7.46369	13.4209	24.8517	24.8517	171.985	0	25.1219	57.1498	32.2981	24.8344	6.782	NA	1
42.57	28.8611	49.1678	24.5334	NA	24.6344	0	5.93188	5.93188	171.985	0	12.5923	36.6381	36.6381	12.0037	-0.274201	NA	1
116.52	40.353	74.5618	12.2973	NA	62.2646	0	2.35895	2.35895	171.985	21.5569	30.6349	92.6045	92.6045	30.3399	-2.56489	NA	1
88.3433	72.7938	39.5977	29.9172	NA	9.68044	0	0	0	171.985	95.5027	5.43473	14.3975	14.3975	4.71703	-7.15499	NA	1
53.0541	26.3468	56.6718	5.30741	NA	51.3644	0	2.4478	2.4478	171.985	69.7161	25.1559	76.3929	76.3929	25.0285	-3.51637	NA	1
75.6629	82.3936	82.9465	24.5665	NA	58.38	0	17.199	17.199	171.985	0	70.3895	128.18	128.18	69.8001	1.02371	NA	1
53.0124	103.404	79.2725	68.7404	NA	2.95874	7.57336	32.6355	32.6355	171.985	0	11.4938	45.4391	12.8035	9.84479	3.44431	NA	1
37.1098	78.7131	14.9357	11.2246	NA	0	3.71117	79.693	73.9857	131.398	0	0.269273	33.3987	0	0	11.3657	NA	1
161.562	52.4032	54.0042	0.262965	NA	0	53.7413	103.432	103.432	135.786	0	0.00630842	107.82	0	0	15.3454	NA	1
86.2324	31.3558	15.8273	0.00616063	NA	0	15.8212	87.5292	83.2754	122.922	0	0.000147791	70.4112	0	0	12.343	NA	1
72.9471	29.053	10.2493	0.000144329	NA	0	10.2491	80.3883	74.7131	110.907	0	3.46238e-006	62.6979	0	0	13.7096	NA	1
85.5421	24.5926	12.7163	3.38127e-006	NA	0	12.7163	49.1296	49.1296	134.603	0	8.11153e-008	72.8258	0	0	10.7752	NA	1
41.7109	28.3765	3.6694	7.9215e-008	NA	0	3.6694	22.1329	22.1329	150.512	0	1.90034e-009	38.0415	0	0	5.49306	NA	1
110.038	55.4121	40.8515	1.85581e-009	NA	12.2955	28.556	6.80101	6.80101	171.985	0	40.9117	81.482	53.2072	40.9117	0.418213	NA	1
118.349	89.0437	95.1037	39.9532	NA	17.4055	37.745	5.28365	5.28365	171.985	0	58.8729	80.6036	75.3199	57.9144	0.454244	NA	1
54.0024	42.6508	74.0266	57.4936	NA	16.533	0	0	0	171.985	29.4133	9.43536	24.5891	24.5891	8.05611	-6.55682	NA	1
83.2814	31.41	81.066	9.21431	NA	71.8517	0	5.83154	5.83154	171.985	0	35.2325	106.863	106.863	35.0115	-1.60996	NA	1
34.944	35.184	50.0107	34.4071	NA	15.6036	0	11.7372	11.7372	171.985	0	8.42863	23.2068	23.2068	7.60322	-0.932074	NA	1
126.87	89.553	52.8165	8.23117	NA	44.5854	0	28.9774	28.9774	171.985	0	53.5045	97.8924	97.8924	53.307	2.45189	NA	1
44.4855	108.927	57.584	52.251	NA	0	5.33299	58.3047	57.2768	153.861	0	1.25348	39.1525	0	0	6.94034	NA	1
129.098	47.0424	41.4043	1.22412	NA	0	40.1802	85.103	85.103	157.676	0	0.029366	88.9181	0	0	11.7346	NA	1
334.269	153.81	276.087	0.0286781	NA	0	276.058	86.6238	82.2219	133.665	0	0.000687975	58.2109	0	0	12.1886	NA	1
63.231	67.2065	8.37444	0.000671858	NA	0	8.37377	78.8057	72.232	116.29	0	1.61176e-005	54.8573	0	0	13.3911	NA	1
90.3403	40.0577	14.8713	1.574e-005	NA	0	14.8713	46.2893	46.2893	145.47	0	3.77596e-007	75.469	0	0	9.91419	NA	1
103.673	55.6458	31.7698	3.6875e-007	NA	7.27078	24.499	21.1956	21.1956	171.985	0	24.1925	79.1741	31.4633	24.1925	5.08177	NA	1
40.0628	37.4868	46.9025	23.6258	NA	23.2767	0	5.44393	5.44393	171.985	0	11.9089	34.6188	34.6188	11.3421	-0.654603	NA	1
57.2474	37.1005	48.9548	11.6299	NA	37.3249	0	1.73503	1.73503	171.985	0	18.4665	55.5124	55.5124	18.1875	-3.20855	NA	1
125.825	33.8751	43.3965	18.0338	NA	25.3626	0	0	0	171.985	88.1036	12.7912	37.7212	37.7212	12.3586	-5.78608	NA	1
58.8519	32.431	67.2257	12.4915	NA	54.7342	0	2.93311	2.93311	171.985	62.6177	26.9702	81.4047	81.4047	26.6705	-3.22222	NA	1
90.3536	138.34	84.8734	26.3384	NA	58.535	0	24.4507	24.4507	171.985	0	70.6174	128.521	128.521	69.9855	3.56353	NA	1
52.3372	61.2946	78.4271	68.963	NA	2.08248	7.38168	35.9439	35.9439	171.985	0	8.58356	44.9556	9.01164	6.92916	4.30034	NA	1
41.5212	46.693	13.0284	8.38246	NA	0	4.64594	76.7057	72.4299	136.431	0	0.201092	36.8753	0	0	10.7522	NA	1
83.2738	27.2202	15.0206	0.196381	NA	0	14.8242	95.0163	87.9771	116.903	0	0.0047111	68.4496	0	0	13.6899	NA	1
158.239	34.5099	45.871	0.00460073	NA	0	45.8664	95.19	95.19	134.086	0	0.00011037	112.372	0	0	13.8609	NA	1
117.685	39.6419	29.0982	0.000107784	NA	0	29.0981	80.881	80.881	141.791	0	2.58569e-006	88.5867	0	0	13.8243	NA	1
92.9652	29.9289	19.2014	2.52512e-006	NA	0	19.2014	51.5549	51.5549	164	0	6.05765e-008	73.7638	0	0	11.554	NA	1
181.506	78.4154	99.7387	5.91574e-008	NA	15.0809	84.6578	23.6023	23.6023	171.985	0	50.1796	96.8479	65.2605	50.1796	6.18967	NA	1
133.815	84.0371	115.475	49.004	NA	18.2156	48.2551	6.73428	6.73428	171.985	0	61.7856	85.5599	78.8256	60.61	0.365052	NA	1
138.113	54.2607	95.7225	60.3381	NA	35.3844	0	0.0859517	0.0859517	171.985	85.4003	18.6894	52.6263	52.6263	17.2419	-4.91127	NA	1
89.9098	70.2056	36.134	18.2516	NA	17.8825	0	0	0	171.985	148.714	9.15153	26.5962	26.5962	8.71368	-6.43903	NA	1
14.1236	33.019	52.4326	8.93713	NA	43.4954	0	1.31453	1.31453	171.985	96.8334	21.4086	64.6896	64.6896	21.1942	-4.20326	NA	1
53.0997	63.7179	80.589	20.9071	NA	59.6819	0	18.8943	18.8943	171.985	0	71.8583	131.039	131.039	71.3568	1.61748	NA	1
83.5071	102.585	97.0717	70.1749	NA	8.1045	18.7923	29.6436	29.6436	171.985	0	28.6501	64.7148	35.0711	26.9666	2.67017	NA	1
83.2055	117.066	46.6357	27.9789	NA	0	18.6568	74.2157	73.9491	162.585	0	0.671202	64.5487	0	0	10.2409	NA	1
128.226	40.5006	42.5419	0.655478	NA	0	41.8865	93.0617	92.5717	156.353	0	0.0157247	86.3394	0	0	13.3055	NA	1
82.1264	36.3723	16.5393	0.0153563	NA	0	16.5239	103.802	96.7434	125.212	0	0.000368391	65.6025	0	0	15.5673	NA	1
66.3584	24.103	8.63968	0.00035976	NA	0	8.63932	85.7538	76.5527	106.378	0	8.6305e-006	57.7191	0	0	14.9584	NA	1
24.0957	17.4727	0.967781	8.42831e-006	NA	0	0.967772	58.3395	42.8225	86.6835	0	2.02192e-007	23.1279	0	0	13.7325	NA	1
41.1362	16.432	2.29841	1.97455e-007	NA	0	2.29841	25.888	25.888	99.6333	0	4.73686e-009	38.8378	0	0	7.27332	NA	1
44.2428	15.2043	3.05584	4.62589e-009	NA	0	3.05584	8.97021	8.97021	131.85	0	1.10973e-010	41.1869	0	0	2.14637	NA	1
118.656	25.4414	46.2218	1.08373e-010	NA	46.2218	0	3.2843	3.2843	171.985	6.49172	22.5227	108.88	68.7445	22.5227	-1.60966	NA	1
137.335	51.5668	84.799	21.9951	NA	62.8039	0	5.93328	5.93328	171.985	0	75.6172	137.893	137.893	75.0895	0.109472	NA	1
70.7224	38.3331	108.525	73.8456	NA	34.6798	0	0.0449159	0.0449159	171.985	19.0991	18.6701	51.5784	51.5784	16.8986	-4.97278	NA	1
74.7848	61.2183	52.852	18.2327	NA	34.6193	0	17.8733	17.8733	171.985	0	41.8288	76.0106	76.0106	41.3914	1.25986	NA	1
85.6255	97.1551	65.3632	40.8488	NA	4.75651	19.7579	45.2845	45.2845	171.985	0	16.8066	65.8677	20.5831	15.8266	6.71718	NA	1
135.482	75.901	67.3446	16.4128	NA	1.46688	49.4649	79.6694	79.6694	171.985	0	5.27459	86.0172	6.34773	4.88085	11.3609	NA	1
73.4667	30.8367	19.6961	5.15102	NA	0	14.545	93.6416	90.3615	140.546	0	0.123571	58.9217	0	0	13.4195	NA	1
49.61	21.7535	5.54066	0.120676	NA	0	5.41998	112.561	90.293	94.4426	0	0.00289497	44.19	0	0	17.3028	NA	1
57.5016	16.8502	4.89576	0.00282715	NA	0	4.89293	87.9769	70.1636	76.8876	0	6.78221e-005	52.6086	0	0	15.4758	NA	1
44.0209	10.8177	2.33468	6.62332e-005	NA	0	2.33462	50.7473	45.6322	72.9417	0	1.58891e-006	41.6862	0	0	11.2946	NA	1
38.8452	11.8461	1.72462	1.55168e-006	NA	0	1.72461	23.8258	23.8258	86.2365	0	3.72243e-008	37.1206	0	0	6.29562	NA	1
75.7597	13.4379	3.63522e-008	3.63522e-008	NA	0	0	5.73617	5.73617	156.26	0	8.72074e-010	70.0235	0	0	-0.43012	NA	1
87.34	22.0782	46.4916	8.51644e-010	NA	46.4916	0	2.46881	2.46881	171.985	0	22.6542	84.8712	69.1458	22.6542	-2.45148	NA	1
95.4857	18.2599	76.7492	22.1235	NA	54.6257	0	2.05206	2.05206	171.985	12.1902	27.1485	81.2435	81.2435	26.6177	-3.23168	NA	1
93.1226	15.7849	75.0665	26.5124	NA	48.5541	0	2.13015	2.13015	171.985	30.9693	24.2952	72.2133	72.2133	23.6592	-3.76168	NA	1
19.4681	31.2869	50.1341	23.726	NA	26.408	0	11.1614	11.1614	171.985	0	13.4371	39.276	39.276	12.868	-1.13163	NA	1
45.4452	81.631	16.9169	13.1223	NA	3.79457	0	37.1137	37.1137	171.985	0	4.85166	8.33143	8.33143	4.53686	4.54425	NA	1
100.714	49.9504	32.7853	4.73799	NA	0.712397	27.3349	70.2968	70.2968	171.985	0	2.48407	73.3796	3.0828	2.3704	9.39623	NA	1
95.095	29.6755	26.7955	2.42587	NA	0	24.3696	82.7588	82.3474	160.363	0	0.0581957	70.7254	0	0	11.2737	NA	1
151.176	36.2911	57.4834	0.0568323	NA	0	57.4266	87.7088	87.7088	166.404	0	0.00136338	93.7495	0	0	12.4039	NA	1
84.0343	29.0309	18.4141	0.00133144	NA	0	18.4128	82.3586	81.0524	150.973	0	3.19408e-005	65.6215	0	0	14.2203	NA	1
147.32	29.085	58.1531	3.11925e-005	NA	6.8117	51.3413	45.49	45.49	171.985	0	22.665	95.979	29.4767	22.665	9.65666	NA	1
64.4353	34.6329	39.5011	22.134	NA	6.1783	11.1888	26.5108	26.5108	171.985	0	21.0885	53.2466	26.7358	20.5575	7.60997	NA	1
87.8179	35.0585	54.7557	20.5944	NA	13.3787	20.7826	9.14064	9.14064	171.985	0	45.01	67.0353	57.8947	44.5159	2.29614	NA	1
40.0647	29.1047	69.8636	43.9555	NA	25.908	0	1.53228	1.53228	171.985	0	13.6788	38.5324	38.5324	12.6243	-3.41789	NA	1
65.3324	20.8678	13.3583	13.3583	NA	0	0	0	0	171.985	65.3324	0.320461	0	0	0	-8.9259	NA	1
63.2197	22.0586	1.29568	0.312954	NA	0.982729	0	0	0	171.985	127.09	0.486366	1.46159	1.46159	0.478859	-7.91422	NA	1
38.5759	40.6408	90.0631	0.474972	NA	89.5882	0	13.7627	13.7627	171.985	18.6614	43.6654	133.242	133.242	43.654	-0.179794	NA	1
81.1553	88.0522	71.486	42.6424	NA	28.8435	0	36.4874	36.4874	171.985	0	35.5088	63.3293	63.3293	34.4858	4.44097	NA	1
63.2747	62.1434	45.4662	34.6769	NA	0	10.7893	81.0377	78.7935	145.677	0	0.831885	52.4854	0	0	11.6418	NA	1
136.11	37.2235	43.1	0.812396	NA	0	42.2876	77.3185	77.3185	162.181	0	0.0194891	93.8223	0	0	10.2087	NA	1
134.915	36.5396	46.2744	0.0190325	NA	0	46.2554	99.4967	98.5636	152.277	0	0.000456581	88.6596	0	0	14.7143	NA	1
221.422	87.4494	117.631	0.000445885	NA	0.647972	116.982	81.9279	81.9279	171.985	0	2.15605	104.44	2.80401	2.15604	14.068	NA	1
57.3726	31.8061	11.065	2.10554	NA	0.0891182	8.87038	48.1166	48.1166	171.985	0	0.34704	48.5022	0.385647	0.296529	10.4499	NA	1
23.6443	24.4917	1.84547	0.33891	NA	0	1.50656	22.6905	22.6896	171.433	0	0.00813031	22.1377	0	0	5.75741	NA	1
95.2638	25.1142	61.1583	0.00793983	NA	61.1504	0	3.76455	3.76455	171.985	0	29.7972	91.4992	90.9473	29.797	-2.00087	NA	1
80.3721	45.2242	63.4774	29.0991	NA	34.3783	0	4.89051	4.89051	171.985	0	41.8014	75.4816	75.4816	41.1033	0.0484041	NA	1
152.661	30.9942	86.5519	40.8221	NA	45.7298	0	1.15169	1.15169	171.985	83.4965	23.2623	68.0128	68.0128	22.283	-4.00821	NA	1
21.304	20.7915	22.7173	22.7173	NA	0	0	0	0	171.985	104.8	0.544979	0	0	0	-8.80566	NA	1
66.2978	55.0111	60.852	0.532211	NA	60.3198	0	15.5287	15.5287	171.985	23.1303	72.1322	132.439	132.439	72.1194	0.438727	NA	1
42.5909	106.233	80.3114	70.4423	NA	9.86907	0	44.0524	44.0524	171.985	0	13.4895	21.6687	21.6687	11.7996	6.39839	NA	1
107.506	43.8834	44.3193	13.1735	NA	0	31.1458	85.3661	85.1343	163.211	0	0.316027	76.3603	0	0	12.5307	NA	1
132.389	61.2454	45.131	0.308623	NA	0	44.8224	90.6606	90.4765	160.301	0	0.00740374	87.5664	0	0	12.8332	NA	1
68.9833	29.8379	11.9599	0.00723029	NA	0	11.9527	94.303	88.2642	129.068	0	0.000173452	57.0306	0	0	13.6852	NA	1
198.897	41.369	80.005	0.000169388	NA	0	80.0048	81.5253	81.5253	166.435	0	4.06356e-006	118.892	0	0	13.9743	NA	1
40.0343	28.4577	4.17975	3.96836e-006	NA	0	4.17975	44.0901	43.6365	158.653	0	9.51993e-008	35.8546	0	0	9.15706	NA	1
86.8336	28.1551	25.7949	9.2969e-008	NA	7.05073	18.7441	24.2458	24.2458	171.985	0	23.4603	68.0895	30.5111	23.4603	6.49473	NA	1
55.2219	32.6671	39.8925	22.9107	NA	8.764	8.21781	9.07907	9.07907	171.985	0	29.7106	47.0041	37.925	29.161	2.2331	NA	1
203.657	34.0793	85.6525	29.0146	NA	56.6379	0	1.88315	1.88315	171.985	117.538	28.2942	84.2361	84.2361	27.5982	-3.05605	NA	1
118.73	56.9153	27.6314	27.6314	NA	0	0	0	0	171.985	236.268	0.662865	0	0	0	-10.0161	NA	1
50.6702	30.9425	58.1891	0.647336	NA	57.5417	0	3.33745	3.33745	171.985	198.02	28.0541	85.5803	85.5803	28.0386	-2.97715	NA	1
60.6707	38.5594	65.0075	27.3969	NA	37.6106	0	0.80818	0.80818	171.985	201.946	18.9839	55.9373	55.9373	18.3267	-4.71695	NA	1
53.8526	161.663	116.825	18.5392	NA	98.2859	0	40	40	171.985	0	117.957	215.798	215.798	117.512	5.34982	NA	1
94.5564	99.9007	140.9	115.194	NA	1.61207	24.0943	63.486	63.486	171.985	0	8.12739	70.462	6.97601	5.36394	8.03745	NA	1
168.52	76.5333	85.3699	7.93699	NA	0.902117	76.5308	88.0854	88.0854	171.985	0	3.19208	91.9892	3.90379	3.00167	12.3266	NA	1
93.5948	43.2954	26.7241	3.1173	NA	0	23.6068	99.2537	96.8991	145.074	0	0.0747827	69.988	0	0	14.6661	NA	1
124.474	45.2636	35.2933	0.0730307	NA	0	35.2203	73.3311	73.3311	160.997	0	0.00175198	89.2542	0	0	12.0671	NA	1
74.6407	32.3399	14.0561	0.00171093	NA	0	14.0544	53.5348	53.5348	168.049	0	4.10446e-005	60.5863	0	0	12.1897	NA	1
49.1264	26.0196	9.58059	4.0083e-005	NA	3.22568	6.35488	24.8763	24.8763	171.985	0	10.733	42.7715	13.9587	10.733	6.79368	NA	1
100.238	40.4243	52.4566	10.4816	NA	14.8979	27.0771	8.69262	8.69262	171.985	0	49.8223	73.1613	64.4687	49.5708	1.92522	NA	1
100.123	54.8389	114.019	48.655	NA	65.3639	0	2.90867	2.90867	171.985	0	33.0174	97.2141	97.2141	31.8502	-1.99742	NA	1
75.5529	59.9217	79.5457	32.2439	NA	47.3018	0	5.20215	5.20215	171.985	0	23.8225	70.3508	70.3508	23.049	-0.517169	NA	1
95.3795	41.5585	83.3703	23.2644	NA	60.1059	0	5.98546	5.98546	171.985	0	29.8462	89.394	89.394	29.2881	-1.52048	NA	1
140.857	55.8722	102.899	29.147	NA	73.7524	0	9.91934	9.91934	171.985	21.2475	36.6369	109.69	109.69	35.9377	-1.56211	NA	1
18.6033	108.974	36.4357	35.7786	NA	0.657149	0	38.4079	38.4079	171.985	0	1.64401	1.44285	1.44285	0.785699	4.87706	NA	1
48.8874	76.4472	8.04612	1.6055	NA	0	6.44062	82.3989	78.0979	136.334	0	0.0385152	42.4468	0	0	11.8747	NA	1
82.5853	35.1987	14.6074	0.0376129	NA	0	14.5698	89.7302	84.1866	120.163	0	0.000902319	68.0156	0	0	12.6445	NA	1
86.8886	27.0578	14.2156	0.00088118	NA	0	14.2148	103.317	92.2848	100.552	0	2.11391e-005	72.6739	0	0	15.501	NA	1
153.363	27.2989	37.0573	2.06439e-005	NA	0	37.0573	84.8707	84.8707	131.987	0	4.95239e-007	116.305	0	0	14.8065	NA	1
112.016	36.8742	25.9498	4.83637e-007	NA	0	25.9498	48.2365	48.2365	169.817	0	1.16023e-008	86.0663	0	0	10.5415	NA	1
26.4152	21.0326	1.85665	1.13304e-008	NA	0	1.85665	24.5666	24.5665	169.809	0	2.71813e-010	24.5585	0	0	6.68522	NA	1
74.709	18.8898	47.1183	2.65445e-010	NA	47.1183	0	2.45455	2.45455	171.985	0	22.9595	72.2544	70.0779	22.9595	-3.04075	NA	1
160.676	38.5742	96.9941	22.4217	NA	74.5724	0	3.39894	3.39894	171.985	46.3673	36.8751	110.91	110.91	36.3372	-1.49053	NA	1
30.8228	39.2114	85.8322	36.0112	NA	49.821	0	3.09252	3.09252	171.985	0	25.1404	74.0975	74.0975	24.2765	-2.33686	NA	1
57.5736	54.5117	46.9917	24.5514	NA	22.4403	0	8.30334	8.30334	171.985	0	27.419	49.2703	49.2703	26.83	0.0327042	NA	1
45.3693	91.467	36.2214	26.7766	NA	3.89782	5.547	22.955	22.955	171.985	0	13.6118	39.8223	16.8673	12.9695	3.03967	NA	1
81.2995	69.7111	35.4851	13.293	NA	4.38026	17.8119	44.5327	44.5327	171.985	0	14.8936	63.4876	18.955	14.5747	6.52264	NA	1
76.4007	41.0713	30.2747	14.5447	NA	0	15.73	77.3658	76.581	156.075	0	0.348921	60.6707	0	0	10.8878	NA	1
124.975	33.3659	38.5372	0.340747	NA	0	38.1964	86.5366	86.5366	156.317	0	0.00817438	86.7787	0	0	12.0219	NA	1
91.1388	29.7198	20.3529	0.00798287	NA	0	20.3449	100.387	95.504	131.607	0	0.000191506	70.7939	0	0	14.8906	NA	1
124.619	28.7873	32.025	0.000187019	NA	0	32.0248	83.8843	83.8843	140.316	0	4.48652e-006	92.5938	0	0	14.5233	NA	1
67.4698	36.5519	10.0085	4.38141e-006	NA	0	10.0085	53.2966	53.2966	144.481	0	1.05108e-007	57.4613	0	0	12.1132	NA	1
54.8616	25.7858	6.8138	1.02646e-007	NA	0	6.8138	26.2929	26.2929	166.236	0	2.46243e-009	48.0477	0	0	7.46526	NA	1
51.8574	26.0663	27.2564	2.40475e-009	NA	27.2564	0	5.57047	5.57047	171.985	0	13.2813	46.2869	40.5377	13.2813	-0.562132	NA	1
57.8259	38.1855	49.2122	12.9702	NA	36.242	0	3.9241	3.9241	171.985	0	17.9709	53.9018	53.9018	17.6598	-0.949204	NA	1
35.2322	23.5372	38.8989	17.5499	NA	21.349	0	3.48042	3.48042	171.985	0	10.8238	31.7518	31.7518	10.4028	-2.00282	NA	1
86.1509	29.9067	44.8878	10.5703	NA	34.3175	0	10.8027	10.8027	171.985	0	41.2842	75.3481	75.3481	41.0306	1.54761	NA	1
25.7476	69.2387	42.1035	40.317	NA	0	1.78651	26.6735	26.6522	169.294	0	0.967189	23.9611	0	0	4.34201	NA	1
73.6298	37.1005	19.7389	0.94453	NA	4.41331	14.3811	37.4596	37.4596	171.985	0	14.7073	59.2487	19.098	14.6847	4.69252	NA	1
67.466	32.8713	26.6288	14.3628	NA	0	12.266	78.5999	77.0779	150.107	0	0.344558	55.2	0	0	11.1412	NA	1
123.97	28.5044	36.4839	0.336485	NA	0	36.1474	91.7878	91.2438	146.686	0	0.00807215	87.8226	0	0	13.0549	NA	1
44.1555	21.1655	4.48916	0.00788304	NA	0	4.48127	97.6439	81.6463	104.714	0	0.000189111	39.6742	0	0	14.3471	NA	1
52.2272	15.6988	4.47569	0.000184681	NA	0	4.4755	88.0906	69.6445	82.8214	0	4.43041e-006	47.7517	0	0	15.5023	NA	1
93.6366	16.6042	11.3782	4.32662e-006	NA	0	11.3782	41.9756	41.9756	123.104	0	1.03794e-007	82.2583	0	0	8.4781	NA	1
54.725	15.4897	5.77679	1.01362e-007	NA	0	5.77679	24.9888	24.9888	147.064	0	2.43164e-009	48.9482	0	0	6.84701	NA	1
104.606	32.4039	35.8372	2.37467e-009	NA	10.6221	25.2152	8.50369	8.50369	171.985	0	35.3435	79.391	45.9655	35.3435	1.77471	NA	1
90.4978	29.3753	90.9698	34.5155	NA	56.4544	0	1.86764	1.86764	171.985	4.66698	28.3368	83.9631	83.9631	27.5088	-3.07206	NA	1
38.8129	49.1975	54.6114	27.6729	NA	26.9385	0	3.415	3.415	171.985	0	13.7903	40.0649	40.0649	13.1264	-2.05916	NA	1
26.161	19.5713	31.0571	13.4672	NA	17.5899	0	0	0	171.985	0	8.89419	26.161	26.161	8.57112	-6.11348	NA	1
25.3816	50.4769	10.4678	8.68582	NA	1.782	0	21.469	21.469	171.985	0	2.33896	3.91259	3.91259	2.13059	2.51921	NA	1
42.5093	40.321	7.65453	2.28417	NA	0.500669	4.86969	35.473	35.473	171.985	0	1.7207	37.6396	2.16658	1.66591	4.1785	NA	1
90.3195	54.4157	26.4015	1.68039	NA	2.73766	21.9835	56.4891	56.4891	171.985	0	9.14951	68.336	11.8469	9.1092	6.60057	NA	1
114.834	39.0589	44.4718	8.93516	NA	0	35.5367	87.7643	87.5593	163.724	0	0.214351	79.2976	0	0	12.2634	NA	1
178.951	57.6682	82.3621	0.209329	NA	0	82.1527	108.498	107.566	152.956	0	0.00502172	96.7983	0	0	16.4978	NA	1
75.1053	58.3398	13.5241	0.00490408	NA	0	13.5192	83.8172	80.133	134.409	0	0.000117647	61.5861	0	0	14.5077	NA	1
68.5812	23.6799	9.90575	0.000114891	NA	0	9.90563	52.8681	52.8681	140.217	0	2.75618e-006	58.6756	0	0	11.9756	NA	1
37.2502	17.0692	3.04859	2.69161e-006	NA	0	3.04859	20.985	20.985	153.433	0	6.45707e-008	34.2016	0	0	4.94885	NA	1
105.224	28.2362	38.8046	6.30579e-008	NA	12.1853	26.6193	7.323	7.323	171.985	0	40.5451	78.6052	52.7304	40.5451	0.834075	NA	1
132.491	31.3583	83.2645	39.5952	NA	43.6693	0	0.786525	0.786525	171.985	66.7565	22.2288	64.9482	64.9482	21.2789	-4.18808	NA	1
56.0943	38.7464	90.4989	21.708	NA	68.7909	0	3.48696	3.48696	171.985	17.0529	34.0408	102.311	102.311	33.52	-1.9952	NA	1
103.423	48.9933	109.224	33.2433	NA	75.981	0	7.47105	7.47105	171.985	0	37.8211	113.005	113.005	37.0236	-0.656866	NA	1
135.304	117.905	90.9709	36.935	NA	54.0358	0	16.6618	16.6618	171.985	0	65.4923	118.642	118.642	64.6062	0.774711	NA	1
33.9103	120.946	67.0568	63.9579	NA	0	3.09883	38.3094	38.1483	164.649	0	1.53433	30.8115	0	0	4.85172	NA	1
27.6119	75.1925	3.46533	1.49838	NA	0	1.96695	79.6331	70.004	120.29	0	0.0359455	25.645	0	0	11.3082	NA	1
120.01	30.3102	27.181	0.0351034	NA	0	27.1459	102.798	99.6154	113.538	0	0.000842117	92.8641	0	0	15.2142	NA	1
75.6079	24.4204	10.1708	0.000822388	NA	0	10.17	107.852	90.2527	88.7235	0	1.97288e-005	65.438	0	0	16.4009	NA	1
19.9366	13.861	0.552581	1.92666e-005	NA	0	0.552562	104.247	53.9394	54.168	0	4.62197e-007	19.384	0	0	19.3285	NA	1
53.6022	12.8597	2.43866	4.51369e-007	NA	0	2.43866	49.705	49.705	55.6266	0	1.08282e-008	51.1636	0	0	11.0147	NA	1
98.1048	14.4293	8.38891	1.05745e-008	NA	0	8.38891	19.2039	19.2039	126.139	0	2.53678e-010	89.7159	0	0	4.13439	NA	1
61.38	21.5616	7.55695	2.47735e-010	NA	0.110591	7.44636	7.60841	7.60841	171.985	0	0.367977	53.9336	0.478569	0.367977	1.0731	NA	1
89.6709	28.2658	51.9554	0.359357	NA	51.5961	0	1.45649	1.45649	171.985	11.4768	25.1501	76.7375	76.7375	25.1415	-3.49615	NA	1
69.6907	40.2939	76.8903	24.5609	NA	52.3294	0	3.3393	3.3393	171.985	0	26.088	77.8282	77.8282	25.4988	-2.12434	NA	1
78.3522	25.6776	76.3252	25.4768	NA	50.8484	0	2.72678	2.72678	171.985	0	25.3883	75.6255	75.6255	24.7771	-3.34728	NA	1
106.036	68.4022	88.662	24.7935	NA	63.8686	0	11.0461	11.0461	171.985	0	31.7163	94.9901	94.9901	31.1215	-1.13124	NA	1
36.4403	98.9363	30.9733	30.9733	NA	0	0	45.1222	36.4403	171.985	0	0.743036	0	0	0	6.67517	NA	1
44.0038	48.0142	5.94374	0.725629	NA	0	5.21812	87.1638	80.9552	129.816	0	0.0174075	38.7857	0	0	12.8999	NA	1
89.8795	21.6133	16.449	0.0169997	NA	0	16.432	90.4523	85.6687	117.595	0	0.000407817	73.4475	0	0	12.7922	NA	1
116.699	23.4953	25.0939	0.000398262	NA	0	25.0935	93.0477	92.5874	116.612	0	9.55415e-006	91.6051	0	0	13.4364	NA	1
52.5402	18.4272	5.04395	9.33032e-006	NA	0	5.04394	82.424	68.9286	95.18	0	2.23831e-007	47.4962	0	0	14.1834	NA	1
93.4166	18.7003	13.0147	2.18587e-007	NA	0	13.0147	46.3679	46.3679	129.214	0	5.24381e-009	80.4018	0	0	9.88844	NA	1
49.1321	19.2613	4.88744	5.12096e-009	NA	0	4.88744	23.7898	23.7898	149.669	0	1.2285e-010	44.2446	0	0	6.27855	NA	1
63.7981	18.1886	25.1526	1.19972e-010	NA	25.1526	0	4.0728	4.0728	171.985	0	12.2562	59.7253	37.4088	12.2562	-1.75529	NA	1
175.107	41.5806	94.648	11.9691	NA	82.6789	0	4.0852	4.0852	171.985	48.0553	40.5744	122.966	122.966	40.2873	-0.782908	NA	1
117.598	71.6817	129.644	39.6239	NA	90.0202	0	5.64116	5.64116	171.985	26.1271	44.8151	133.885	133.885	43.8645	-0.142085	NA	1
30.3505	44.5083	79.8934	43.7652	NA	36.1282	0	2.74506	2.74506	171.985	0	18.6543	53.7325	53.7325	17.6043	-3.3362	NA	1
140.789	118.982	72.6978	18.2172	NA	54.4806	0	21.1701	21.1701	171.985	0	65.575	119.619	119.619	65.1379	2.41453	NA	1
107.523	127.047	103.371	64.0387	NA	8.17648	31.1557	40.9848	40.9848	171.985	0	28.7424	76.3674	35.3826	27.2061	5.60465	NA	1
71.3805	57.9437	41.7997	28.069	NA	0	13.7307	74.743	73.9211	155.714	0	0.673365	57.6498	0	0	10.3492	NA	1
24.3517	26.6641	2.10446	0.65759	NA	0	1.44687	94.2237	75.7617	102.857	0	0.0157753	22.9049	0	0	13.534	NA	1
99.8895	21.0253	16.0965	0.0154057	NA	0	16.0811	119.995	103.325	83.3407	0	0.000369577	83.8084	0	0	18.7758	NA	1
136.641	18.1197	24.3819	0.000360919	NA	0	24.3815	89.3916	89.3916	106.208	0	8.6583e-006	112.259	0	0	15.8051	NA	1
140.942	37.0144	33.0585	8.45546e-006	NA	0	33.0585	52.0374	52.0374	162.055	0	2.02843e-007	107.884	0	0	11.7089	NA	1
61.2074	21.7535	14.6119	1.98091e-007	NA	5.09904	9.51288	19.6986	19.6986	171.985	0	16.9664	51.6945	22.0654	16.9664	4.33895	NA	1
58.905	36.9849	35.2779	16.5689	NA	9.35845	9.35056	9.057	9.057	171.985	0	31.5365	49.5544	40.4974	31.139	2.21551	NA	1
113.08	54.7749	104.402	30.7976	NA	73.604	0	3.61069	3.61069	171.985	0	36.6042	109.469	109.469	35.8653	-1.27273	NA	1
159.587	65.2974	82.7609	35.7466	NA	47.0143	0	1.28189	1.28189	171.985	88.3821	23.7664	69.9232	69.9232	22.9089	-3.89609	NA	1
53.4581	92.7513	83.6079	23.2096	NA	60.3983	0	9.22865	9.22865	171.985	0	72.7701	132.612	132.612	72.2133	0.593542	NA	1
64.9284	66.6358	105.439	71.0652	NA	34.374	0	13.8048	13.8048	171.985	0	18.4544	51.1236	51.1236	16.7496	-0.165055	NA	1
82.8869	127.807	37.1199	18.0221	NA	19.0979	0	40.9553	40.9553	171.985	0	23.2661	41.9316	41.9316	22.8337	5.59701	NA	1
109.429	94.53	55.6582	22.721	NA	0.667156	32.27	74.2721	74.2721	171.985	0	2.76494	77.1591	2.88703	2.21987	10.2525	NA	1
192.87	79.6701	103.419	2.70016	NA	0.474129	100.245	90.5732	90.5732	171.985	0	1.64238	92.625	2.05173	1.5776	12.816	NA	1
67.9572	49.8495	14.0492	1.6039	NA	0	12.4453	116.435	106.813	120.684	0	0.0384769	55.512	0	0	18.0704	NA	1
144.403	25.8621	39.4694	0.0375755	NA	0	39.4318	86.2401	86.2401	139.415	0	0.000901422	104.972	0	0	15.0716	NA	1
134.814	50.6515	43.498	0.000880303	NA	3.79391	39.7033	46.1237	46.1237	171.985	0	12.6237	95.1112	16.4176	12.6237	9.81005	NA	1
9.74069	37.2998	12.5837	12.328	NA	0	0.25569	28.4212	27.4159	154.054	0	0.295744	9.485	0	0	8.47427	NA	1
110.209	39.7551	59.584	0.288815	NA	59.2952	0	4.08953	4.08953	171.985	0	28.8999	106.119	88.1882	28.893	-1.74196	NA	1
66.2731	40.3357	68.8759	28.2229	NA	40.653	0	0.531467	0.531467	171.985	5.27945	20.4862	60.4622	60.4622	19.8092	-4.45137	NA	1
23.6045	32.7754	39.427	20.0063	NA	19.4207	0	0	0	171.985	0	9.94316	28.8839	28.8839	9.46322	-6.02851	NA	1
57.1279	17.5022	25.0713	9.71022	NA	15.361	0	0	0	171.985	34.2819	7.71798	22.8461	22.8461	7.48504	-6.65913	NA	1
66.7928	26.4698	63.4258	7.53717	NA	55.8886	0	5.42017	5.42017	171.985	12.5328	27.4139	83.1217	83.1217	27.2331	-3.12145	NA	1
47.2716	117.856	36.1533	26.7716	NA	9.38167	0	39.2058	39.2058	171.985	0	11.8591	20.5986	20.5986	11.2169	5.08224	NA	1
117.036	105.704	49.2063	11.5813	NA	0.712445	36.9125	77.0407	77.0407	171.985	0	2.6484	80.1237	3.08301	2.37057	10.7773	NA	1
108.16	43.9031	34.1124	2.58635	NA	0	31.5261	93.5674	92.7605	155.859	0	0.0620455	76.6343	0	0	13.3991	NA	1
110.324	49.5297	29.7852	0.060592	NA	0	29.7247	93.2905	91.6865	144.772	0	0.00145358	80.5997	0	0	13.5114	NA	1
143.248	32.3276	46.5501	0.00141952	NA	0	46.5487	84.4796	84.4796	156.992	0	3.40538e-005	96.6997	0	0	14.7153	NA	1
154.618	75.2417	68.526	3.3256e-005	NA	9.7171	58.8088	38.7671	38.7671	171.985	0	32.3324	95.8094	42.0495	32.3324	7.49057	NA	1
90.7709	51.6504	63.7326	31.5749	NA	9.95395	22.2038	25.4927	25.4927	171.985	0	33.8779	68.5671	43.0744	33.1204	7.12571	NA	1
65.7098	53.5522	54.8836	33.0842	NA	10.1636	11.6357	10.0926	10.0926	171.985	0	34.6116	54.0741	43.9815	33.8179	3.05597	NA	1
27.6119	32.9968	48.6364	33.8008	NA	14.8356	0	0	0	171.985	5.54724	8.03989	22.0647	22.0647	7.22902	-6.70499	NA	1
21.0157	20.4102	25.7117	7.85153	NA	17.8601	0	0	0	171.985	0	8.89114	26.5629	26.5629	8.70279	-5.9531	NA	1
110.133	34.1654	78.2701	8.68285	NA	69.5873	0	6.63741	6.63741	171.985	0	34.1164	103.495	103.495	33.9081	-0.977025	NA	1
45.3712	60.2022	46.1314	33.3171	NA	12.8143	0	17.236	17.236	171.985	0	16.1202	28.1352	28.1352	15.321	1.03667	NA	1
107.33	59.0828	58.2214	15.7426	NA	11.4352	31.0437	26.8017	26.8017	171.985	0	38.4268	76.286	49.4843	38.0491	1.93482	NA	1
131.122	77.1509	85.8446	37.5265	NA	1.98573	46.3323	76.1966	76.1966	171.985	0	7.50751	84.7896	8.593	6.60726	10.6477	NA	1
125.288	39.2163	49.6329	7.33163	NA	0	42.3012	97.5352	96.9368	158.035	0	0.175883	82.9869	0	0	14.1854	NA	1
468.941	355.407	469.113	0.171762	NA	0	468.941	97.106	68.1801	89.8553	0	0.00412051	0	0	0	14.2406	NA	1
67.5628	50.59	6.43091	0.00402398	NA	0	6.42689	91.1709	75.5341	75.457	0	9.65336e-005	61.1359	0	0	16.2192	NA	1
24.2569	23.5864	0.695779	9.4272e-005	NA	0	0.695684	49.4258	34.097	64.9212	0	2.26155e-006	23.5612	0	0	10.8703	NA	1
83.6171	27.0947	7.11245	2.20857e-006	NA	0	7.11244	18.7539	18.7539	122.672	0	5.29826e-008	76.5046	0	0	3.89106	NA	1
63.8778	34.9798	7.84309	5.17413e-008	NA	0	7.84309	7.97376	7.97376	170.733	0	1.24125e-009	56.0347	0	0	1.35252	NA	1
86.1452	64.5888	54.676	1.21217e-009	NA	54.676	0	3.5746	3.5746	171.985	0	26.6422	82.5706	81.3182	26.6422	-1.30999	NA	1
65.8786	56.8145	67.7901	26.018	NA	41.772	0	3.75213	3.75213	171.985	0	20.9786	62.1265	62.1265	20.3544	-1.76884	NA	1
29.4174	38.4512	29.34	20.4871	NA	8.85285	0	9.97993	9.97993	171.985	0	11.0761	19.4375	19.4375	10.5846	1.0489	NA	1
109.338	65.2039	57.5006	10.8166	NA	14.4676	32.2164	14.515	14.515	171.985	0	48.3986	77.1217	62.6068	48.1391	0.0836655	NA	1
61.9755	61.2626	58.6757	47.2648	NA	1.06016	10.3508	47.037	47.037	171.985	0	4.66142	51.6247	4.58772	3.52755	7.17063	NA	1
44.366	31.998	9.85659	4.55221	NA	0	5.30438	77.6187	73.6024	137.445	0	0.109206	39.0617	0	0	10.9397	NA	1
132.438	32.0373	37.8809	0.106647	NA	0	37.7742	99.1839	98.2291	133.879	0	0.00255843	94.6639	0	0	14.5097	NA	1
190.562	41.834	76.1801	0.00249849	NA	0	76.1776	99.2576	99.2576	149.006	0	5.99377e-005	114.384	0	0	14.6669	NA	1
70.8647	33.8579	11.7249	5.85335e-005	NA	0	11.7248	83.5558	78.8606	129.285	0	1.4042e-006	59.1399	0	0	14.4468	NA	1
208.291	82.3813	94.4386	1.3713e-006	NA	6.55036	87.8883	49.3566	49.3566	171.985	0	21.7954	120.402	28.3458	21.7954	10.8481	NA	1
180.563	95.6642	125.19	21.2848	NA	16.0452	87.8601	23.2697	23.2697	171.985	0	53.8988	92.703	69.4333	53.3882	6.032	NA	1
78.1588	112.035	102.569	52.6361	NA	49.9334	0	3.89418	3.89418	171.985	0	25.594	74.2646	74.2646	24.3312	-1.89759	NA	1
63.1798	55.8746	66.9456	24.9944	NA	41.9512	0	0.786848	0.786848	171.985	0	21.0414	62.393	62.393	20.4418	-4.18775	NA	1
71.6157	36.5543	66.8146	20.5484	NA	46.2662	0	2.80512	2.80512	171.985	0	23.0373	68.8106	68.8106	22.5443	-2.58435	NA	1
139.345	36.7831	71.515	22.4976	NA	49.0174	0	2.1098	2.1098	171.985	64.3332	24.4247	72.9024	72.9024	23.8849	-3.72124	NA	1
77.3072	130.774	78.7219	23.8524	NA	54.8695	0	21.168	21.168	171.985	0	66.1751	120.472	120.472	65.6029	2.41381	NA	1
91.6471	139.225	92.785	64.6248	NA	5.52576	22.6345	45.1006	45.1006	171.985	0	19.9365	69.0126	23.912	18.3862	6.66959	NA	1
54.084	50.6589	27.3521	19.4695	NA	0	7.88262	79.141	76.1787	142.008	0	0.467065	46.2013	0	0	11.2524	NA	1
196.234	51.9456	86.1411	0.456123	NA	0	85.685	94.4434	94.4434	158.114	0	0.0109422	110.549	0	0	13.5772	NA	1
74.0395	47.7755	13.5919	0.0106859	NA	0	13.5812	110.104	100.103	118.469	0	0.000256349	60.4583	0	0	16.8159	NA	1
64.5719	22.5654	7.74015	0.000250344	NA	0	7.7399	83.815	74.0341	101.267	0	6.00564e-006	56.832	0	0	14.5072	NA	1
88.4191	16.4295	12.4052	5.86495e-006	NA	0	12.4052	59.6876	59.6876	117.594	0	1.40698e-007	76.0139	0	0	14.1653	NA	1
66.8781	19.7484	8.24126	1.37402e-007	NA	0	8.24126	23.8092	23.8092	152.421	0	3.29621e-009	58.6368	0	0	6.28778	NA	1
66.3319	20.6242	27.5423	3.21899e-009	NA	27.5423	0	5.80477	5.80477	171.985	0	13.4207	60.5271	40.963	13.4207	-0.375465	NA	1
96.4776	23.5126	74.6483	13.1062	NA	61.542	0	2.29785	2.29785	171.985	2.64985	30.3023	91.5299	91.5299	29.9879	-2.62796	NA	1
133.648	19.7213	68.2415	29.5924	NA	38.6492	0	0.433676	0.433676	171.985	78.3824	19.5427	57.4819	57.4819	18.8327	-4.62629	NA	1
94.6664	64.67	107.179	19.0848	NA	88.0943	0	8.06739	8.06739	171.985	33.961	43.3839	131.02	131.02	42.9261	-0.310195	NA	1
196.215	150.693	139.211	42.3675	NA	96.8437	0	17.5447	17.5447	171.985	0	116.804	212.632	212.632	115.788	1.08072	NA	1
37.6636	139.767	117.891	114.068	NA	0	3.82277	55.8505	54.5004	151.326	0	2.73644	33.8409	0	0	9.36264	NA	1
78.2707	47.5812	17.1986	2.67234	NA	0	14.5262	86.5549	82.5408	132.529	0	0.0641083	63.7444	0	0	12.7258	NA	1
51.5141	21.815	5.57331	0.0626064	NA	0	5.51071	102.071	82.8729	95.66	0	0.0015019	46.0034	0	0	15.0713	NA	1
174.699	29.6681	45.7475	0.00146672	NA	0	45.746	90.7558	90.7558	133.857	0	3.51859e-005	128.953	0	0	13.0085	NA	1
40.9541	16.8797	3.5179	3.43616e-005	NA	0	3.51787	92.0341	73.8456	97.4478	0	8.24321e-007	37.4363	0	0	16.4783	NA	1
37.5328	15.3101	2.15097	8.05009e-007	NA	0	2.15097	47.6848	42.1092	90.7203	0	1.93118e-008	35.3818	0	0	10.3638	NA	1
28.6929	14.0898	1.1703	1.88594e-008	NA	0	1.1703	30.8201	29.2454	88.9975	0	4.5243e-010	27.5226	0	0	9.65969	NA	1
90.6324	18.8307	11.4548	4.41831e-010	NA	0	11.4548	12.0826	12.0826	156.093	0	1.05993e-011	79.1776	0	0	4.64448	NA	1
48.2691	17.8737	19.1352	1.0351e-011	NA	19.1352	0	3.91708	3.91708	171.985	0	9.32408	44.3521	28.4593	9.32408	-0.955545	NA	1
59.6447	17.6719	47.4513	9.10564	NA	38.3457	0	2.61415	2.61415	171.985	0	18.9033	57.0305	57.0305	18.6849	-2.74881	NA	1
70.4512	28.2559	62.3382	18.4604	NA	43.8777	0	5.19295	5.19295	171.985	0	21.8234	65.2583	65.2583	21.3805	-1.85252	NA	1
78.0203	61.8088	49.4119	21.3121	NA	28.0998	0	16.3239	16.3239	171.985	0	34.1079	61.6965	61.6965	33.5967	0.717203	NA	1
72.0784	74.5455	52.0845	33.3089	NA	4.77515	14.0005	37.4141	37.4141	171.985	0	16.6877	58.0779	20.6638	15.8887	4.68074	NA	1
119.185	43.3397	54.5772	16.2968	NA	0	38.2804	83.6509	83.6291	169.261	0	0.390953	80.9046	0	0	12.1785	NA	1
139.112	44.1688	51.7067	0.381794	NA	0	51.3249	87.1142	87.1142	169.934	0	0.00915909	87.7872	0	0	12.1356	NA	1
193.57	72.0606	99.7781	0.00894451	NA	0	99.7692	105.382	104.867	158.868	0	0.000214575	93.8005	0	0	15.8803	NA	1
70.5081	40.1906	12.3755	0.000209548	NA	0	12.3753	91.9055	86.4576	130.543	0	5.02698e-006	58.1328	0	0	16.3902	NA	1
137.595	48.9589	41.7001	4.90921e-006	NA	2.97437	38.7257	44.5555	44.5555	171.985	0	9.89682	98.8691	12.8712	9.89682	9.30649	NA	1
35.8183	35.0856	13.4969	9.66496	NA	0.374554	3.45735	30.7401	30.7401	171.985	0	1.47814	32.3609	1.62083	1.24628	9.57365	NA	1
115.407	37.4253	75.4021	1.44351	NA	73.9586	0	5.41039	5.41039	171.985	0	36.0727	109.997	109.997	36.0381	-0.68966	NA	1
116.721	27.8377	60.41	35.2276	NA	25.1823	0	0	0	171.985	79.2683	13.1158	37.453	37.453	12.2707	-5.80182	NA	1
53.9512	50.2112	69.3591	12.8085	NA	56.5506	0	2.24853	2.24853	171.985	46.8648	27.8629	84.1062	84.1062	27.5556	-3.06366	NA	1
156.401	129.483	115.012	27.2102	NA	87.802	0	10.4863	10.4863	171.985	0	105.63	192.78	192.78	104.978	1.3558	NA	1
64.8848	104.757	122.04	103.156	NA	7.53861	11.3454	20.9171	20.9171	171.985	0	27.5584	53.5394	32.6223	25.0837	2.32593	NA	1
54.7402	88.778	36.5674	26.9127	NA	1.57965	8.07506	39.8294	39.8294	171.985	0	5.90171	46.6651	6.83573	5.25608	5.30568	NA	1
58.1084	50.9788	14.8628	5.76344	NA	0	9.09939	93.3661	88.1076	132.887	0	0.138263	49.0091	0	0	14.1736	NA	1
108.291	28.1698	24.553	0.135024	NA	0	24.418	103.391	98.1294	118.631	0	0.00323916	83.8732	0	0	15.3372	NA	1
71.041	19.5171	9.38434	0.00316328	NA	0	9.38118	112.202	91.8669	88.4235	0	7.58857e-005	61.6599	0	0	17.2317	NA	1
178.098	37.8706	43.9468	7.41079e-005	NA	0	43.9467	94.8529	94.8529	127.722	0	1.77782e-006	134.151	0	0	17.0762	NA	1
105.249	21.9626	22.1689	1.73617e-006	NA	0	22.1689	46.5576	46.5576	164.244	0	4.165e-008	83.0803	0	0	9.94936	NA	1
131.642	38.9605	58.1747	4.06742e-008	NA	13.5764	44.5983	20.5523	20.5523	171.985	0	45.1735	87.0433	58.7499	45.1735	4.74368	NA	1
83.2548	59.009	75.2576	44.1152	NA	12.4635	18.6789	10.6419	10.6419	171.985	0	42.5288	64.5759	53.934	41.4705	3.47816	NA	1
68.2626	40.0061	75.2418	41.5325	NA	33.7093	0	0	0	171.985	18.1276	17.422	50.135	50.135	16.4257	-5.05749	NA	1
105.778	41.1402	57.205	17.0139	NA	40.1911	0	0.590258	0.590258	171.985	63.5404	19.9922	59.7752	59.7752	19.5841	-4.4917	NA	1
38.1491	22.2923	44.4675	19.5239	NA	24.9437	0	0	0	171.985	64.5915	12.6228	37.0981	37.0981	12.1544	-5.82265	NA	1
39.8807	58.5686	51.9325	12.3271	NA	39.6055	0	17.5137	17.5137	171.985	0	47.6487	86.9584	86.9584	47.353	1.13394	NA	1
51.829	74.8358	55.355	46.5324	NA	1.58362	7.239	37.7371	37.7371	171.985	0	6.38558	44.59	6.85291	5.26929	4.76431	NA	1
106.125	54.3788	36.5869	6.23598	NA	0	30.3509	88.6049	88.138	159.622	0	0.149599	75.7744	0	0	13.1958	NA	1
24.384	24.4721	1.6332	0.146094	NA	0	1.48711	111.375	87.0923	95.4263	0	0.00350474	22.8969	0	0	16.9078	NA	1
126.87	18.6683	24.0707	0.00342263	NA	0	24.0673	106.799	104.994	93.2346	0	8.21075e-005	102.803	0	0	16.1611	NA	1
51.1803	13.2632	3.82679	8.01839e-005	NA	0	3.82671	96.6131	70.5738	70.0144	0	1.92358e-006	47.3536	0	0	17.4858	NA	1
42.9379	11.7624	2.02261	1.87852e-006	NA	0	2.02261	49.5078	44.3273	66.6024	0	4.50648e-008	40.9153	0	0	10.8967	NA	1
110.15	20.516	12.6619	4.40091e-008	NA	0	12.6619	16.5712	16.5712	147.519	0	1.05576e-009	97.4879	0	0	2.8563	NA	1
38.2459	17.0815	3.38111	1.03103e-009	NA	0	3.38111	10.7491	10.7491	171.635	0	2.47339e-011	34.8648	0	0	3.56356	NA	1
133.273	23.1239	65.3363	2.41544e-011	NA	65.3363	0	2.63863	2.63863	171.985	33.1104	31.8367	97.5236	97.173	31.8367	-2.27618	NA	1
110.059	20.0166	54.4694	31.0908	NA	23.3786	0	0	0	171.985	108.399	12.1376	34.7703	34.7703	11.3918	-5.95927	NA	1
90.4712	65.3294	79.1763	11.8533	NA	67.323	0	4.94843	4.94843	171.985	93.7939	33.0891	100.128	100.128	32.8048	-2.12333	NA	1
48.8817	88.3671	87.5428	32.3139	NA	55.2288	0	15.8117	15.8117	171.985	5.60242	66.8078	121.261	121.261	66.0326	0.480106	NA	1
44.1233	89.5234	67.0637	65.2426	NA	1.82102	0	45.7274	45.7274	171.985	0	3.74239	3.99826	3.99826	2.17724	6.75936	NA	1
59.3924	49.0721	13.1607	3.65471	NA	0	9.50595	69.5747	68.4895	153.382	0	0.0876751	49.8865	0	0	9.24835	NA	1
72.0216	23.6872	12.5521	0.0856211	NA	0	12.4664	93.8775	87.304	125.633	0	0.00205402	59.5551	0	0	13.4601	NA	1
53.6686	16.9068	5.67207	0.0020059	NA	0	5.67006	101.561	81.6187	92.0131	0	4.81206e-005	47.9986	0	0	15.1525	NA	1
126.711	15.069	23.1483	4.69933e-005	NA	0	23.1482	89.5797	89.5797	105.996	0	1.12735e-006	103.562	0	0	15.9055	NA	1
61.4502	16.4763	6.27158	1.10094e-006	NA	0	6.27158	47.7925	47.7925	113.382	0	2.64111e-008	55.1786	0	0	10.3985	NA	1
67.246	17.6227	8.03377	2.57923e-008	NA	0	8.03377	27.0522	27.0522	145.542	0	6.18748e-010	59.2123	0	0	7.86748	NA	1
134.557	35.7794	54.8674	6.04252e-010	NA	13.5778	41.2895	8.06748	8.06748	171.985	0	45.1784	93.267	58.7562	45.1784	1.43954	NA	1
52.0888	29.4122	77.5665	44.1199	NA	33.4466	0	2.34452	2.34452	171.985	0	17.3561	49.7443	49.7443	16.2977	-2.57924	NA	1
144.113	41.5043	84.2679	16.9495	NA	67.3184	0	3.34001	3.34001	171.985	40.6523	33.2092	100.121	100.121	32.8026	-2.12373	NA	1
82.1074	24.2802	64.3443	32.4312	NA	31.9132	0	0	0	171.985	75.296	16.3285	47.4637	47.4637	15.5505	-5.21428	NA	1
56.0488	77.7905	91.7487	15.9459	NA	75.8028	0	10.3269	10.3269	171.985	8.27838	37.3193	112.739	112.739	36.9367	-1.38313	NA	1
41.2652	142.916	37.9066	36.445	NA	1.46159	0	46.3345	46.3345	171.985	0	2.62181	3.2091	3.2091	1.74751	6.98885	NA	1
141.485	66.589	59.319	2.56038	NA	2.81354	53.9451	75.3643	75.3643	171.985	0	9.42309	87.5395	12.1752	9.36167	10.4768	NA	1
73.6431	32.9575	23.8173	9.20233	NA	0	14.615	93.2361	90.0489	140.965	0	0.22076	59.0281	0	0	13.3398	NA	1
134.775	24.8755	40.3363	0.215588	NA	0	40.1207	105.834	103.526	132.093	0	0.00517188	94.6539	0	0	15.9699	NA	1
106.222	25.1142	23.3585	0.00505071	NA	0	23.3534	81.0958	81.0958	133.866	0	0.000121165	82.8686	0	0	13.8743	NA	1
42.3538	17.1848	3.76278	0.000118326	NA	0	3.76266	54.3936	50.3429	122.114	0	2.83859e-006	38.5911	0	0	12.4655	NA	1
6.97931	13.8881	0.0932062	2.77209e-006	NA	0	0.0932034	26.3179	19.9322	109.068	0	6.65014e-008	6.88611	0	0	7.4771	NA	1
64.424	12.348	7.09305	6.49434e-008	NA	0	7.09305	6.5346	6.5346	159.864	0	1.55797e-009	57.3309	0	0	0.205972	NA	1
164.124	14.0382	48.4878	1.52147e-009	NA	48.4878	0	1.88315	1.88315	171.985	78.0046	23.6269	84.2361	72.1147	23.6269	-3.05605	NA	1
41.14	12.9015	36.5085	23.0734	NA	13.4352	0	0	0	171.985	99.1628	7.10014	19.9818	19.9818	6.54662	-6.82724	NA	1
94.3572	11.1449	39.9347	6.9338	NA	33.0009	0	0	0	171.985	144.439	16.2468	49.0814	49.0814	16.0805	-5.11933	NA	1
100.438	27.7885	83.5447	15.8662	NA	67.6784	0	8.30209	8.30209	171.985	135.918	33.3586	100.656	100.656	32.978	-2.09231	NA	1
105.45	236.479	123.467	32.5771	NA	90.8904	0	41.8073	41.8073	171.985	0	109.452	199.561	199.561	108.67	5.81747	NA	1
97.9872	104.779	132.762	106.887	NA	0	25.8745	76.0021	75.9585	168.14	0	2.56419	72.1127	0	0	10.6077	NA	1
116.647	34.4976	38.3519	2.50412	NA	0	35.8478	101.92	100.23	148.709	0	0.0600727	80.7996	0	0	15.0479	NA	1
57.7348	28.5905	7.8257	0.0586654	NA	0	7.76704	124.558	102.298	96.3791	0	0.00140736	49.9678	0	0	19.6799	NA	1
262.462	69.7184	105.218	0.00137439	NA	1.18689	104.03	77.6898	77.6898	171.985	0	3.94924	158.432	5.13609	3.94921	13.0816	NA	1
19.1134	41.1796	4.84121	3.85672	NA	0	0.984491	56.5565	52.5661	137.548	0	0.0925211	18.129	0	0	13.1599	NA	1
47.4972	21.7043	4.95256	0.0903536	NA	0	4.86221	28.6802	28.6802	151.503	0	0.00216755	42.635	0	0	8.59707	NA	1
146.545	56.4011	65.6537	0.00211677	NA	14.6711	50.9804	11.5945	11.5945	171.985	0	48.8163	95.5642	63.4874	48.8163	4.23712	NA	1
62.2031	40.0725	68.8075	47.6727	NA	10.7079	10.427	5.43925	5.43925	171.985	0	36.7727	51.7761	46.3369	35.629	0.614867	NA	1
171.719	83.1096	135.068	35.9112	NA	19.6929	79.4644	7.03671	7.03671	171.985	0	66.387	92.2551	85.2184	65.5255	1.05969	NA	1
62.6716	51.461	85.4368	64.8317	NA	10.0205	10.5846	8.72454	8.72454	171.985	0	34.8972	52.087	43.3624	33.3419	0.288	NA	1
77.0834	83.732	58.9028	34.0796	NA	8.81083	16.0124	22.9434	22.9434	171.985	0	30.1344	61.0711	38.1277	29.3168	3.03561	NA	1
4.36586	47.2416	29.4798	29.4284	NA	0	0.0513657	51.312	45.4377	130.862	0	0.705976	4.3145	0	0	8.27678	NA	1
89.2802	26.2065	17.0337	0.689437	NA	0	16.3443	85.8712	82.4172	121.381	0	0.0165393	72.9359	0	0	12.6344	NA	1
105.384	24.0243	21.1384	0.0161518	NA	0	21.1222	107.842	99.813	105.829	0	0.000387476	84.2616	0	0	16.2127	NA	1
127.801	25.1413	27.0846	0.000378398	NA	0	27.0843	106.712	104.343	102.204	0	9.07763e-006	100.717	0	0	16.144	NA	1
91.1767	17.9549	13.313	8.86496e-006	NA	0	13.313	89.198	84.3821	95.6853	0	2.12667e-007	77.8637	0	0	15.76	NA	1
159.898	44.4222	38.5786	2.07685e-007	NA	0.245459	38.3332	44.2029	44.2029	171.985	0	0.816732	121.565	1.06219	0.816732	9.19327	NA	1
64.7824	29.7788	19.4284	0.797598	NA	7.32117	11.3096	21.7914	21.7914	171.985	0	24.3793	53.4728	31.6814	24.3602	5.33116	NA	1
110.922	41.802	94.6068	23.8082	NA	70.7986	0	5.62479	5.62479	171.985	0	35.0695	105.297	105.297	34.4983	-0.518856	NA	1
60.5683	61.1839	74.0503	34.2479	NA	39.8024	0	1.37115	1.37115	171.985	0	20.2163	59.1971	59.1971	19.3947	-3.58458	NA	1
86.8867	55.6754	74.6274	19.7427	NA	54.8847	0	5.25811	5.25811	171.985	0	27.2175	81.6286	81.6286	26.7439	-0.468948	NA	1
57.1943	50.964	48.3851	26.5799	NA	21.8052	0	9.31847	9.31847	171.985	0	26.7083	47.8758	47.8758	26.0707	0.417093	NA	1
108.314	81.1955	71.4637	26.0826	NA	13.7654	31.6157	17.1303	17.1303	171.985	0	46.4283	76.6983	59.568	45.8025	0.937114	NA	1
70.9709	84.2929	62.8393	45.3406	NA	3.92522	13.5736	40.4115	40.4115	171.985	0	14.1483	57.3973	16.9859	13.0606	5.39229	NA	1
92.5062	56.2461	36.8777	13.8169	NA	0	23.0608	78.1721	77.9543	163.476	0	0.331461	69.4454	0	0	11.009	NA	1
71.0543	32.0373	13.2561	0.323696	NA	0	12.9324	101.423	94.5081	127.09	0	0.00776534	58.1219	0	0	14.9438	NA	1
102.38	24.8509	20.8804	0.00758341	NA	0	20.8728	103.43	96.7173	111.88	0	0.000181923	81.5068	0	0	15.5234	NA	1
106.417	23.9013	19.8528	0.000177661	NA	0	19.8527	84.9706	84.9706	113.474	0	4.26202e-006	86.5647	0	0	14.8298	NA	1
81.8722	25.5497	11.9182	4.16217e-006	NA	0	11.9182	44.7964	44.7964	138.632	0	9.98488e-008	69.954	0	0	9.43316	NA	1
49.2819	24.7107	5.27569	9.75095e-008	NA	0	5.27569	24.7091	24.7091	157.929	0	2.33921e-009	44.0062	0	0	6.75296	NA	1
70.804	21.163	20.1697	2.28441e-009	NA	7.76406	12.4056	10.7438	10.7438	171.985	0	25.8339	58.3983	33.5979	25.8339	3.5758	NA	1
34.1512	26.8142	45.417	25.2286	NA	20.1884	0	4.12559	4.12559	171.985	0	10.4425	30.0256	30.0256	9.83727	-0.74025	NA	1
52.9498	18.8701	44.7087	10.1978	NA	34.5109	0	0.0144867	0.0144867	171.985	1.60821	17.0609	51.3271	51.3271	16.8163	-4.98752	NA	1
118.199	22.5924	81.2254	16.6612	NA	64.5642	0	4.34882	4.34882	171.985	19.4336	31.8601	96.0246	96.0246	31.4605	-2.36416	NA	1
146.907	76.6711	99.4552	31.1137	NA	68.3415	0	16.2888	16.2888	171.985	0	82.4567	150.052	150.052	81.7103	0.704911	NA	1
21.5012	132.573	81.7707	80.5249	NA	0	1.24583	55.4663	52.0957	140.145	0	1.93176	20.2554	0	0	9.35166	NA	1
104.695	36.9086	25.9564	1.8865	NA	0	24.0699	76.1329	76.1329	144.637	0	0.0452565	80.6254	0	0	10.6346	NA	1
135.309	47.6353	41.5376	0.0441962	NA	0	41.4934	88.554	88.554	149.899	0	0.00106025	93.8161	0	0	12.4188	NA	1
151.527	62.7018	53.93	0.00103541	NA	0	53.9289	106.425	105.097	142.4	0	2.48391e-005	97.598	0	0	16.087	NA	1
63.1533	27.5966	8.89909	2.42572e-005	NA	0	8.89906	89.165	80.4147	116.24	0	5.8192e-007	54.2542	0	0	15.7524	NA	1
17.9091	16.7592	0.584179	5.68287e-007	NA	0	0.584179	53.8092	39.5436	94.021	0	1.3633e-008	17.325	0	0	12.2778	NA	1
148.424	29.2351	36.6307	1.33136e-008	NA	4.17608	32.4546	19.9338	19.9338	171.985	0	13.8954	115.97	18.0714	13.8954	4.45046	NA	1
55.7397	36.3944	30.4441	13.5698	NA	8.50166	8.37263	10.5772	10.5772	171.985	0	28.6137	47.367	36.7898	28.2881	3.42666	NA	1
86.1129	35.6145	84.2712	27.9433	NA	56.3279	0	2.33788	2.33788	171.985	0	28.1175	83.775	83.775	27.4471	-2.58663	NA	1
87.2281	30.9843	45.542	27.4588	NA	18.0832	0	0	0	171.985	60.3334	9.4702	26.8947	26.8947	8.81148	-6.42151	NA	1
55.1195	20.0067	68.7314	9.24834	NA	59.483	0	3.61704	3.61704	171.985	23.3683	29.2064	88.4676	88.4676	28.9846	-2.80769	NA	1
69.8443	78.4326	63.5485	28.5222	NA	35.0264	0	16.3081	16.3081	171.985	0	42.5624	76.9045	76.9045	41.8781	0.711697	NA	1
86.8033	93.2778	67.4694	41.5652	NA	5.59908	20.3051	42.2689	42.2689	171.985	0	19.6273	66.4981	24.2293	18.6302	5.93689	NA	1
219.103	105.992	153.165	19.1675	NA	4.62838	129.369	69.7053	69.7053	171.985	0	15.8601	89.734	20.0287	15.4003	9.31464	NA	1
64.1262	82.374	26.5702	15.4886	NA	0	11.0817	101.109	94.9771	130.053	0	0.371564	53.0446	0	0	14.8884	NA	1
144.447	35.74	42.8815	0.36286	NA	0	42.5186	113.902	110.675	121.306	0	0.00870486	101.928	0	0	17.5686	NA	1
174.953	33.5725	58.1878	0.00850092	NA	0	58.1793	86.0444	86.0444	152.036	0	0.000203934	116.774	0	0	15.026	NA	1
145.09	78.4769	57.3108	0.000199156	NA	7.16153	50.149	44.0008	44.0008	171.985	0	23.829	94.941	30.9905	23.829	9.12839	NA	1
19.1134	50.0783	24.2553	23.2708	NA	0	0.984491	19.9305	19.9211	170.193	0	0.558256	18.129	0	0	4.4489	NA	1
108.487	nan	46.8036	0.545178	NA	14.8724	31.386	10.95	10.95	171.985	0	49.4991	77.1005	64.3584	49.486	3.72362	NA	1
112.814	nan	70.3207	48.3394	NA	21.9813	0	0	0	171.985	80.1223	11.8706	32.6922	32.6922	10.7109	-6.08124	NA	1